# (dyne/cm2)
Pressure  CO2  N2  CH4  H2O  Ar  SO2
1000000.0	0.8825849998199999	0.09806499998	1e-05	0.01	0.00934	2e-10
868254.0279894776	0.8839623579994729	0.0982180397777192	1e-05	0.008469602022808002	0.00934	2e-10
753865.057119951	0.8851582547867843	0.09835091719853159	1e-05	0.007140827814684083	0.00934	2e-10
654546.372404915	0.8861965969894272	0.0984662885543808	1e-05	0.005987114256191979	0.00934	2e-10
568312.5243464682	0.8870981417893034	0.09856646019881149	1e-05	0.004985397811885136	0.00934	2e-10
493439.638420688	0.8878809116932089	0.09865343463257877	1e-05	0.004115653474212411	0.00934	2e-10
428430.95362843375	0.8885605548152637	0.09872895053502931	1e-05	0.0033604944497070384	0.00934	2e-10
371986.9012032607	0.8891506576935831	0.09879451752150924	1e-05	0.0027048245849076447	0.00934	2e-10
322979.12532905495	0.8896630168946121	0.09885144632162357	1e-05	0.0021355365837642543	0.00934	2e-10
280427.9265234697	0.8901078748346831	0.09890087498163146	1e-05	0.0016412499836854213	0.00934	2e-10
243482.6767647398	0.8904941245330328	0.09894379161478142	1e-05	0.0012120836521857564	0.00934	2e-10
211404.8148466453	0.8908294873894347	0.09898105415438163	1e-05	0.0008394582561837053	0.00934	2e-10
183553.08202696915	0.8911206675403437	0.09901340750448263	1e-05	0.0005159247551737465	0.00934	2e-10
159370.70281979893	0.8913734858792408	0.09904149843102676	1e-05	0.00023501548973231556	0.00934	2e-10
138374.25466680442	0.89158499982	0.09906499998	1e-05	0.0	0.00934	2e-10
120144.00398449445	0.89158499982	0.09906499998	1e-05	0.0	0.00934	2e-10
104315.51539832116	0.89158499982	0.09906499998	1e-05	0.0	0.00934	2e-10
90572.36642639071	0.89158499982	0.09906499998	1e-05	0.0	0.00934	2e-10
78639.82197425251	0.89158499982	0.09906499998	1e-05	0.0	0.00934	2e-10
68279.34218952018	0.89158499982	0.09906499998	1e-05	0.0	0.00934	2e-10
59283.813884522766	0.89158499982	0.09906499998	1e-05	0.0	0.00934	2e-10
51473.410199815306	0.89158499982	0.09906499998	1e-05	0.0	0.00934	2e-10
44691.9957403443	0.89158499982	0.09906499998	1e-05	0.0	0.00934	2e-10
38804.00532044251	0.89158499982	0.09906499998	1e-05	0.0	0.00934	2e-10
33691.73392159926	0.89158499982	0.09906499998	1e-05	0.0	0.00934	2e-10
29252.983687378273	0.89158499982	0.09906499998	1e-05	0.0	0.00934	2e-10
25399.020917276666	0.89158499982	0.09906499998	1e-05	0.0	0.00934	2e-10
22052.802218414417	0.89158499982	0.09906499998	1e-05	0.0	0.00934	2e-10
19147.434354593606	0.89158499982	0.09906499998	1e-05	0.0	0.00934	2e-10
16624.83700404	0.89158499982	0.09906499998	1e-05	0.0	0.00934	2e-10
14434.58169342622	0.89158499982	0.09906499998	1e-05	0.0	0.00934	2e-10
12532.88369766049	0.89158499982	0.09906499998	1e-05	0.0	0.00934	2e-10
10881.726752817378	0.89158499982	0.09906499998	1e-05	0.0	0.00934	2e-10
9448.103084614537	0.89158499982	0.09906499998	1e-05	0.0	0.00934	2e-10
8203.35356007638	0.89158499982	0.09906499998	1e-05	0.0	0.00934	2e-10
7122.594771558131	0.89158499982	0.09906499998	1e-05	0.0	0.00934	2e-10
6184.22160014214	0.89158499982	0.09906499998	1e-05	0.0	0.00934	2e-10
5369.47531430294	0.89158499982	0.09906499998	1e-05	0.0	0.00934	2e-10
4662.068569833589	0.89158499982	0.09906499998	1e-05	0.0	0.00934	2e-10
4047.8598145211567	0.89158499982	0.09906499998	1e-05	0.0	0.00934	2e-10
3514.5705886947303	0.89158499982	0.09906499998	1e-05	0.0	0.00934	2e-10
3051.540070287546	0.89158499982	0.09906499998	1e-05	0.0	0.00934	2e-10
2649.5119575984554	0.89158499982	0.09906499998	1e-05	0.0	0.00934	2e-10
2300.4494293911425	0.89158499982	0.09906499998	1e-05	0.0	0.00934	2e-10
1997.3744832549528	0.89158499982	0.09906499998	1e-05	0.0	0.00934	2e-10
1734.228440489514	0.89158499982	0.09906499998	1e-05	0.0	0.00934	2e-10
1505.7508289089292	0.89158499982	0.09906499998	1e-05	0.0	0.00934	2e-10
1307.3742223486724	0.89158499982	0.09906499998	1e-05	0.0	0.00934	2e-10
1135.1329346438445	0.89158499982	0.09906499998	1e-05	0.0	0.00934	2e-10
985.5837428080334	0.89158499982	0.09906499998	1e-05	0.0	0.00934	2e-10
855.7370546140203	0.89158499982	0.09906499998	1e-05	0.0	0.00934	2e-10
742.9971445684739	0.89158499982	0.09906499998	1e-05	0.0	0.00934	2e-10
645.1102635562577	0.89158499982	0.09906499998	1e-05	0.0	0.00934	2e-10
560.1195848300737	0.89158499982	0.09906499998	1e-05	0.0	0.00934	2e-10
486.32608568450485	0.89158499982	0.09906499998	1e-05	0.0	0.00934	2e-10
422.25458281192715	0.89158499982	0.09906499998	1e-05	0.0	0.00934	2e-10
366.6242423634718	0.89158499982	0.09906499998	1e-05	0.0	0.00934	2e-10
318.3229751906745	0.89158499982	0.09906499998	1e-05	0.0	0.00934	2e-10
276.3852054108977	0.89158499982	0.09906499998	1e-05	0.0	0.00934	2e-10
239.97256787471085	0.89158499982	0.09906499998	1e-05	0.0	0.00934	2e-10
208.3571486641958	0.89158499982	0.09906499998	1e-05	0.0	0.00934	2e-10
180.9069335880904	0.89158499982	0.09906499998	1e-05	0.0	0.00934	2e-10
157.07317377908424	0.89158499982	0.09906499998	1e-05	0.0	0.00934	2e-10
136.37941582278108	0.89158499982	0.09906499998	1e-05	0.0	0.00934	2e-10
118.41197712298145	0.89158499982	0.09906499998	1e-05	0.0	0.00934	2e-10
102.8116760992264	0.89158499982	0.09906499998	1e-05	0.0	0.00934	2e-10
89.26665189750274	0.89158499982	0.09906499998	1e-05	0.0	0.00934	2e-10
77.5061300751413	0.89158499982	0.09906499998	1e-05	0.0	0.00934	2e-10
67.29500963161782	0.89158499982	0.09906499998	1e-05	0.0	0.00934	2e-10
58.429163176242746	0.89158499982	0.09906499998	1e-05	0.0	0.00934	2e-10
50.73135627982722	0.89158499982	0.09906499998	1e-05	0.0	0.00934	2e-10
44.047704435329265	0.89158499982	0.09906499998	1e-05	0.0	0.00934	2e-10
38.24459679966461	0.89158499982	0.09906499998	1e-05	0.0	0.00934	2e-10
33.206025220142216	0.89158499982	0.09906499998	1e-05	0.0	0.00934	2e-10
28.831265150908656	0.89158499982	0.09906499998	1e-05	0.0	0.00934	2e-10
25.032862099309092	0.89158499982	0.09906499998	1e-05	0.0	0.00934	2e-10
21.734883349830206	0.89158499982	0.09906499998	1e-05	0.0	0.00934	2e-10
18.871400016371506	0.89158499982	0.09906499998	1e-05	0.0	0.00934	2e-10
16.385169078015252	0.89158499982	0.09906499998	1e-05	0.0	0.00934	2e-10
14.22648905127535	0.89158499982	0.09906499998	1e-05	0.0	0.00934	2e-10
12.352206422918023	0.89158499982	0.09906499998	1e-05	0.0	0.00934	2e-10
10.72485298125607	0.89158499982	0.09906499998	1e-05	0.0	0.00934	2e-10
9.311896800570521	0.89158499982	0.09906499998	1e-05	0.0	0.00934	2e-10
8.085091905317684	0.89158499982	0.09906499998	1e-05	0.0	0.00934	2e-10
7.0199136134571996	0.89158499982	0.09906499998	1e-05	0.0	0.00934	2e-10
6.095068271022369	0.89158499982	0.09906499998	1e-05	0.0	0.00934	2e-10
5.2920675771860335	0.89158499982	0.09906499998	1e-05	0.0	0.00934	2e-10
4.594858990284289	0.89158499982	0.09906499998	1e-05	0.0	0.00934	2e-10
3.9895048263579893	0.89158499982	0.09906499998	1e-05	0.0	0.00934	2e-10
3.4639036351687857	0.89158499982	0.09906499998	1e-05	0.0	0.00934	2e-10
3.007548283802692	0.89158499982	0.09906499998	1e-05	0.0	0.00934	2e-10
2.6113159117845277	0.89158499982	0.09906499998	1e-05	0.0	0.00934	2e-10
2.267285558759927	0.89158499982	0.09906499998	1e-05	0.0	0.00934	2e-10
1.96857981899568	0.89158499982	0.09906499998	1e-05	0.0	0.00934	2e-10
1.709227357261796	0.89158499982	0.09906499998	1e-05	0.0	0.00934	2e-10
1.484043537692361	0.89158499982	0.09906499998	1e-05	0.0	0.00934	2e-10
1.2885267793131465	0.89158499982	0.09906499998	1e-05	0.0	0.00934	2e-10
1.1187685663109481	0.89158499982	0.09906499998	1e-05	0.0	0.00934	2e-10
0.9713753140874918	0.89158499982	0.09906499998	1e-05	0.0	0.00934	2e-10
0.8434005291460086	0.89158499982	0.09906499998	1e-05	0.0	0.00934	2e-10
0.7322859066394788	0.89158499982	0.09906499998	1e-05	0.0	0.00934	2e-10
0.6358101880796527	0.89158499982	0.09906499998	1e-05	0.0	0.00934	2e-10
0.5520447568369058	0.89158499982	0.09906499998	1e-05	0.0	0.00934	2e-10
0.47931508375411513	0.89158499982	0.09906499998	1e-05	0.0	0.00934	2e-10
0.4161672521456243	0.89158499982	0.09906499998	1e-05	0.0	0.00934	2e-10
0.3613388929927501	0.89158499982	0.09906499998	1e-05	0.0	0.00934	2e-10
0.3137339493102141	0.89158499982	0.09906499998	1e-05	0.0	0.00934	2e-10
0.27240076520564	0.89158499982	0.09906499998	1e-05	0.0	0.00934	2e-10
0.23651306161721236	0.89158499982	0.09906499998	1e-05	0.0	0.00934	2e-10
0.20535341842126814	0.89158499982	0.09906499998	1e-05	0.0	0.00934	2e-10
0.17829893270567465	0.89158499982	0.09906499998	1e-05	0.0	0.00934	2e-10
0.1548087665079265	0.89158499982	0.09906499998	1e-05	0.0	0.00934	2e-10
0.1344133350885897	0.89158499982	0.09906499998	1e-05	0.0	0.00934	2e-10
0.1167049196061674	0.89158499982	0.09906499998	1e-05	0.0	0.00934	2e-10
0.1013295165342428	0.89158499982	0.09906499998	1e-05	0.0	0.00934	2e-10
0.08797976088508268	0.89158499982	0.09906499998	1e-05	0.0	0.00934	2e-10
0.07638878177002412	0.89158499982	0.09906499998	1e-05	0.0	0.00934	2e-10
0.06632486746503248	0.89158499982	0.09906499998	1e-05	0.0	0.00934	2e-10
0.0575868333323827	0.89158499982	0.09906499998	1e-05	0.0	0.00934	2e-10
0.049999999999999996	0.89158499982	0.09906499998	1e-05	0.0	0.00934	2e-10
