# (dyne/cm2)
Pressure	CO2	N2	CH4	H2O
2.000E+06	9.000E-01	9.916E-02	1.000E-05	1.000E-02
1.649E+06	9.000E-01	9.895E-02	1.000E-05	9.242E-03
1.359E+06	9.000E-01	9.986E-02	1.000E-05	8.483E-03
1.121E+06	9.000E-01	9.991E-02	1.000E-05	7.725E-03
9.239E+05	9.000E-01	9.993E-02	1.000E-05	6.967E-03
7.617E+05	9.000E-01	9.993E-02	1.000E-05	6.208E-03
6.280E+05	9.000E-01	9.993E-02	1.000E-05	5.450E-03
5.177E+05	9.000E-01	9.994E-02	1.000E-05	4.691E-03
4.268E+05	9.000E-01	9.993E-02	1.000E-05	3.933E-03
3.519E+05	9.000E-01	9.992E-02	1.000E-05	3.175E-03
2.901E+05	9.000E-01	9.991E-02	1.000E-05	2.416E-03
2.392E+05	9.000E-01	9.989E-02	1.000E-05	1.658E-03
1.972E+05	9.000E-01	9.987E-02	1.000E-05	8.995E-04
1.626E+05	9.000E-01	9.985E-02	1.000E-05	1.380E-04
1.340E+05	9.000E-01	9.999E-02	1.000E-05	0.000E+00
1.105E+05	9.000E-01	9.999E-02	1.000E-05	0.000E+00
9.109E+04	9.000E-01	9.999E-02	1.000E-05	0.000E+00
7.509E+04	9.000E-01	9.999E-02	1.000E-05	0.000E+00
6.191E+04	9.000E-01	9.999E-02	1.000E-05	0.000E+00
5.104E+04	9.000E-01	9.999E-02	1.000E-05	0.000E+00
4.208E+04	9.000E-01	9.999E-02	1.000E-05	0.000E+00
3.469E+04	9.000E-01	9.999E-02	1.000E-05	0.000E+00
2.860E+04	9.000E-01	9.999E-02	1.000E-05	0.000E+00
2.358E+04	9.000E-01	9.999E-02	1.000E-05	0.000E+00
1.944E+04	9.000E-01	9.999E-02	1.000E-05	0.000E+00
1.603E+04	9.000E-01	9.999E-02	1.000E-05	0.000E+00
1.321E+04	9.000E-01	9.999E-02	1.000E-05	0.000E+00
1.089E+04	9.000E-01	9.999E-02	1.000E-05	0.000E+00
8.980E+03	9.000E-01	9.999E-02	1.000E-05	0.000E+00
7.403E+03	9.000E-01	9.999E-02	1.000E-05	0.000E+00
6.103E+03	9.000E-01	9.999E-02	1.000E-05	0.000E+00
5.032E+03	9.000E-01	9.999E-02	1.000E-05	0.000E+00
4.148E+03	9.000E-01	9.999E-02	1.000E-05	0.000E+00
3.420E+03	9.000E-01	9.999E-02	1.000E-05	0.000E+00
2.820E+03	9.000E-01	9.999E-02	1.000E-05	0.000E+00
2.324E+03	9.000E-01	9.999E-02	1.000E-05	0.000E+00
1.916E+03	9.000E-01	9.999E-02	1.000E-05	0.000E+00
1.580E+03	9.000E-01	9.999E-02	1.000E-05	0.000E+00
1.302E+03	9.000E-01	9.999E-02	1.000E-05	0.000E+00
1.074E+03	9.000E-01	9.999E-02	1.000E-05	0.000E+00
8.853E+02	9.000E-01	9.999E-02	1.000E-05	0.000E+00
7.298E+02	9.000E-01	9.999E-02	1.000E-05	0.000E+00
6.017E+02	9.000E-01	9.999E-02	1.000E-05	0.000E+00
4.961E+02	9.000E-01	9.999E-02	1.000E-05	0.000E+00
4.090E+02	9.000E-01	9.999E-02	1.000E-05	0.000E+00
3.372E+02	9.000E-01	9.999E-02	1.000E-05	0.000E+00
2.780E+02	9.000E-01	9.999E-02	1.000E-05	0.000E+00
2.292E+02	9.000E-01	9.999E-02	1.000E-05	0.000E+00
1.889E+02	9.000E-01	9.999E-02	1.000E-05	0.000E+00
1.558E+02	9.000E-01	9.999E-02	1.000E-05	0.000E+00
1.284E+02	9.000E-01	9.999E-02	1.000E-05	0.000E+00
1.059E+02	9.000E-01	9.999E-02	1.000E-05	0.000E+00
8.728E+01	9.000E-01	9.999E-02	1.000E-05	0.000E+00
7.195E+01	9.000E-01	9.999E-02	1.000E-05	0.000E+00
5.932E+01	9.000E-01	9.999E-02	1.000E-05	0.000E+00
4.890E+01	9.000E-01	9.999E-02	1.000E-05	0.000E+00
4.032E+01	9.000E-01	9.999E-02	1.000E-05	0.000E+00
3.324E+01	9.000E-01	9.999E-02	1.000E-05	0.000E+00
2.740E+01	9.000E-01	9.999E-02	1.000E-05	0.000E+00
2.259E+01	9.000E-01	9.999E-02	1.000E-05	0.000E+00
1.862E+01	9.000E-01	9.999E-02	1.000E-05	0.000E+00
1.536E+01	9.000E-01	9.999E-02	1.000E-05	0.000E+00
1.266E+01	9.000E-01	9.999E-02	1.000E-05	0.000E+00
1.044E+01	9.000E-01	9.999E-02	1.000E-05	0.000E+00
8.604E+00	9.000E-01	9.999E-02	1.000E-05	0.000E+00
7.093E+00	9.000E-01	9.999E-02	1.000E-05	0.000E+00
5.848E+00	9.000E-01	9.999E-02	1.000E-05	0.000E+00
4.821E+00	9.000E-01	9.999E-02	1.000E-05	0.000E+00
3.975E+00	9.000E-01	9.999E-02	1.000E-05	0.000E+00
3.277E+00	9.000E-01	9.999E-02	1.000E-05	0.000E+00
2.702E+00	9.000E-01	9.999E-02	1.000E-05	0.000E+00
2.227E+00	9.000E-01	9.999E-02	1.000E-05	0.000E+00
1.836E+00	9.000E-01	9.999E-02	1.000E-05	0.000E+00
1.514E+00	9.000E-01	9.999E-02	1.000E-05	0.000E+00
1.248E+00	9.000E-01	9.999E-02	1.000E-05	0.000E+00
1.029E+00	9.000E-01	9.999E-02	1.000E-05	0.000E+00
8.482E-01	9.000E-01	9.999E-02	1.000E-05	0.000E+00
6.993E-01	9.000E-01	9.999E-02	1.000E-05	0.000E+00
5.765E-01	9.000E-01	9.999E-02	1.000E-05	0.000E+00
4.753E-01	9.000E-01	9.999E-02	1.000E-05	0.000E+00
3.919E-01	9.000E-01	9.999E-02	1.000E-05	0.000E+00
3.231E-01	9.000E-01	9.999E-02	1.000E-05	0.000E+00
2.663E-01	9.000E-01	9.999E-02	1.000E-05	0.000E+00
2.196E-01	9.000E-01	9.999E-02	1.000E-05	0.000E+00
1.810E-01	9.000E-01	9.999E-02	1.000E-05	0.000E+00
1.492E-01	9.000E-01	9.999E-02	1.000E-05	0.000E+00
1.230E-01	9.000E-01	9.999E-02	1.000E-05	0.000E+00
1.014E-01	9.000E-01	9.999E-02	1.000E-05	0.000E+00
8.362E-02	9.000E-01	9.999E-02	1.000E-05	0.000E+00
6.894E-02	9.000E-01	9.999E-02	1.000E-05	0.000E+00
5.684E-02	9.000E-01	9.999E-02	1.000E-05	0.000E+00
4.686E-02	9.000E-01	9.999E-02	1.000E-05	0.000E+00
3.863E-02	9.000E-01	9.999E-02	1.000E-05	0.000E+00
3.185E-02	9.000E-01	9.999E-02	1.000E-05	0.000E+00
2.626E-02	9.000E-01	9.999E-02	1.000E-05	0.000E+00
2.165E-02	9.000E-01	9.999E-02	1.000E-05	0.000E+00
1.785E-02	9.000E-01	9.999E-02	1.000E-05	0.000E+00
1.471E-02	9.000E-01	9.999E-02	1.000E-05	0.000E+00
1.213E-02	9.000E-01	9.999E-02	1.000E-05	0.000E+00
1.000E-02	9.000E-01	9.999E-02	1.000E-05	0.000E+00
