# WL(nm)	 Flux(ergs/cm**2/s/nm)
0.5	6.318e+03
1.5	3.382e+05
2.5	6.996e+03
3.5	1.165e+04
4.5	1.715e+04
5.5	2.132e+04
6.5	2.019e+04
7.5	1.440e+04
8.5	1.308e+04
9.5	7.639e+03
10.5	3.131e+03
11.5	1.555e+03
12.5	8.120e+02
13.5	9.054e+02
14.5	9.895e+03
15.5	7.565e+03
16.5	1.571e+04
17.5	2.316e+05
18.5	1.329e+05
19.5	9.423e+04
20.5	9.054e+04
21.5	4.351e+04
22.5	4.739e+04
23.5	1.057e+04
24.5	2.202e+04
25.5	5.424e+04
26.5	1.861e+04
27.5	3.919e+04
28.5	3.956e+04
29.5	2.023e+04
30.5	2.891e+05
31.5	5.502e+04
32.5	7.366e+04
33.5	7.241e+04
34.5	3.208e+04
35.5	2.743e+04
36.5	3.345e+04
37.5	5.756e+03
38.5	2.468e+03
39.5	2.427e+03
40.5	4.071e+03
41.5	7.532e+03
42.5	1.997e+03
43.5	4.582e+03
44.5	1.826e+03
45.5	2.008e+03
46.5	7.232e+03
47.5	2.882e+03
48.5	4.807e+03
49.5	1.650e+04
50.5	6.991e+03
51.5	2.390e+03
52.5	4.082e+03
53.5	3.103e+03
54.5	2.015e+03
55.5	9.009e+03
56.5	2.738e+03
57.5	2.716e+03
58.5	1.535e+04
59.5	3.236e+03
60.5	1.295e+04
61.5	4.052e+03
62.5	1.751e+04
63.5	4.411e+03
64.5	1.016e+03
65.5	7.973e+02
66.5	7.112e+02
67.5	7.283e+02
68.5	2.508e+03
69.5	1.853e+03
70.5	4.877e+03
71.5	2.130e+03
72.5	1.595e+03
73.5	2.079e+03
74.5	2.561e+03
75.5	3.917e+03
76.5	9.900e+03
77.5	8.972e+03
78.5	1.266e+04
79.5	5.947e+03
80.5	6.109e+03
81.5	6.942e+03
82.5	1.026e+04
83.5	1.751e+04
84.5	1.274e+04
85.5	1.418e+04
86.5	1.504e+04
87.5	1.790e+04
88.5	2.046e+04
89.5	2.488e+04
90.5	2.931e+04
91.5	2.243e+04
92.5	6.221e+03
93.5	5.454e+03
94.5	3.887e+03
95.5	2.254e+03
96.5	2.344e+03
97.5	4.195e+04
98.5	4.771e+03
99.5	7.357e+03
100.5	2.983e+03
101.5	3.447e+03
102.5	3.146e+04
103.5	3.249e+04
104.5	4.758e+03
105.5	4.026e+03
106.5	3.832e+03
107.5	4.068e+03
108.5	6.826e+03
109.5	4.593e+03
110.5	4.897e+03
111.5	4.493e+03
112.5	4.894e+03
113.5	3.823e+03
114.5	2.586e+03
115.5	4.250e+03
116.5	4.803e+03
117.5	2.043e+04
118.5	5.409e+03
119.5	1.798e+04
120.5	7.800e+03
121.5	3.754e+05
122.5	2.757e+03
123.5	1.956e+03
124.5	1.488e+03
125.5	1.410e+03
126.5	2.080e+03
127.5	1.092e+03
128.5	8.933e+02
129.5	1.051e+03
130.5	8.402e+03
131.5	1.371e+03
132.5	1.050e+03
133.5	1.000e+04
134.5	9.354e+02
135.5	2.134e+03
136.5	1.386e+03
137.5	1.474e+03
138.5	1.460e+03
139.5	4.285e+03
140.5	3.558e+03
141.5	2.096e+03
142.5	2.264e+03
143.5	2.639e+03
144.5	2.568e+03
145.5	2.761e+03
146.5	3.433e+03
147.5	4.262e+03
148.5	4.345e+03
149.5	3.918e+03
150.5	4.367e+03
151.5	4.721e+03
152.5	5.946e+03
153.5	6.608e+03
154.5	1.176e+04
155.5	9.715e+03
156.5	9.770e+03
157.5	8.832e+03
158.5	8.494e+03
159.5	8.489e+03
160.5	9.544e+03
161.5	1.119e+04
162.5	1.285e+04
163.5	1.409e+04
164.5	1.568e+04
165.5	2.448e+04
166.5	1.709e+04
167.5	2.017e+04
168.5	2.244e+04
169.5	2.939e+04
170.5	3.399e+04
171.5	3.411e+04
172.5	3.682e+04
173.5	3.696e+04
174.5	4.539e+04
175.5	5.590e+04
176.5	6.057e+04
177.5	7.306e+04
178.5	8.147e+04
179.5	7.967e+04
180.5	9.530e+04
181.5	1.147e+05
182.5	1.069e+05
183.5	1.143e+05
184.5	9.775e+04
185.5	1.118e+05
186.5	1.280e+05
187.5	1.485e+05
188.5	1.573e+05
189.5	1.773e+05
190.5	1.835e+05
191.5	2.016e+05
192.5	2.157e+05
193.5	1.633e+05
194.5	2.729e+05
195.5	2.661e+05
196.5	3.011e+05
197.5	3.053e+05
198.5	3.079e+05
199.5	3.344e+05
200.5	3.668e+05
201.5	4.081e+05
202.5	4.053e+05
203.5	4.670e+05
204.5	5.174e+05
205.5	5.359e+05
206.5	5.502e+05
207.5	6.418e+05
208.5	7.236e+05
209.5	1.040e+06
210.5	1.395e+06
211.5	1.703e+06
212.5	1.546e+06
213.5	1.475e+06
214.5	2.074e+06
215.5	1.694e+06
216.5	1.589e+06
217.5	1.569e+06
218.5	2.273e+06
219.5	2.340e+06
220.5	2.400e+06
221.5	1.666e+06
222.5	2.433e+06
223.5	3.201e+06
224.5	2.857e+06
225.5	2.516e+06
226.5	1.846e+06
227.5	1.774e+06
228.5	2.628e+06
229.5	2.264e+06
230.5	2.732e+06
231.5	2.270e+06
232.5	2.549e+06
233.5	2.111e+06
234.5	1.689e+06
235.5	2.747e+06
236.5	2.158e+06
237.5	2.614e+06
238.5	1.770e+06
239.5	2.146e+06
240.5	1.951e+06
241.5	2.345e+06
242.5	3.565e+06
243.5	3.156e+06
244.5	3.058e+06
245.5	2.356e+06
246.5	2.374e+06
247.5	2.765e+06
248.5	2.121e+06
249.5	2.725e+06
250.5	2.880e+06
251.5	2.168e+06
252.5	1.902e+06
253.5	2.486e+06
254.5	2.706e+06
255.5	3.909e+06
256.5	4.716e+06
257.5	5.891e+06
258.5	6.265e+06
259.5	5.160e+06
260.5	4.169e+06
261.5	4.108e+06
262.5	5.174e+06
263.5	7.542e+06
264.5	1.268e+07
265.5	1.277e+07
266.5	1.210e+07
267.5	1.249e+07
268.5	1.213e+07
269.5	1.119e+07
270.5	1.376e+07
271.5	1.133e+07
272.5	9.044e+06
273.5	1.040e+07
274.5	5.849e+06
275.5	8.554e+06
276.5	1.239e+07
277.5	1.214e+07
278.5	7.902e+06
279.5	3.616e+06
280.0	3.628e+06
280.5	4.730e+06
281.0	7.935e+06
281.5	1.114e+07
282.0	1.348e+07
282.5	1.453e+07
283.0	1.586e+07
283.5	1.490e+07
284.0	1.485e+07
284.5	1.162e+07
285.0	5.479e+06
285.5	6.367e+06
286.0	1.390e+07
286.5	1.656e+07
287.0	1.747e+07
287.5	1.749e+07
288.0	1.158e+07
288.5	1.659e+07
289.0	1.942e+07
289.5	2.271e+07
290.0	2.856e+07
290.5	2.987e+07
291.0	2.819e+07
291.5	2.784e+07
292.0	2.649e+07
292.5	2.296e+07
293.0	2.623e+07
293.5	2.663e+07
294.0	2.330e+07
294.5	2.513e+07
295.0	2.386e+07
295.5	2.692e+07
296.0	2.871e+07
296.5	2.278e+07
297.0	1.961e+07
297.5	2.763e+07
298.0	2.579e+07
298.5	1.752e+07
299.0	2.667e+07
299.5	2.411e+07
300.0	1.926e+07
300.5	2.030e+07
301.0	2.284e+07
301.5	2.448e+07
302.0	1.731e+07
302.5	2.514e+07
303.0	3.129e+07
303.5	3.184e+07
304.0	2.668e+07
304.5	2.997e+07
305.0	3.111e+07
305.5	2.832e+07
306.0	2.507e+07
306.5	2.708e+07
307.0	2.979e+07
307.5	3.012e+07
308.0	3.035e+07
308.5	3.145e+07
309.0	2.598e+07
309.5	2.373e+07
310.0	2.149e+07
310.5	3.303e+07
311.0	3.808e+07
311.5	3.534e+07
312.0	2.967e+07
312.5	3.221e+07
313.0	3.288e+07
313.5	3.353e+07
314.0	3.667e+07
314.5	2.741e+07
315.0	3.485e+07
315.5	3.144e+07
316.0	2.395e+07
316.5	3.065e+07
317.0	3.803e+07
317.5	4.068e+07
318.0	2.932e+07
318.5	3.153e+07
319.0	3.482e+07
319.5	3.158e+07
320.0	3.867e+07
320.5	4.197e+07
321.0	3.307e+07
321.5	3.121e+07
322.0	3.767e+07
322.5	3.243e+07
323.0	2.959e+07
323.5	3.158e+07
324.0	3.612e+07
324.5	3.821e+07
325.0	3.625e+07
325.5	4.352e+07
326.0	4.864e+07
326.5	4.609e+07
327.0	4.665e+07
327.5	4.605e+07
328.0	4.406e+07
328.5	4.223e+07
329.0	4.735e+07
329.5	5.267e+07
330.0	5.373e+07
330.5	4.497e+07
331.0	4.647e+07
331.5	4.538e+07
332.0	4.652e+07
332.5	4.495e+07
333.0	4.527e+07
333.5	4.237e+07
334.0	4.354e+07
334.5	4.809e+07
335.0	4.410e+07
335.5	4.957e+07
336.0	3.420e+07
336.5	4.184e+07
337.0	3.480e+07
337.5	4.343e+07
338.0	4.099e+07
338.5	4.579e+07
339.0	4.535e+07
339.5	4.337e+07
340.0	5.239e+07
340.5	4.698e+07
341.0	4.457e+07
341.5	4.106e+07
342.0	4.901e+07
342.5	4.579e+07
343.0	5.012e+07
343.5	4.702e+07
344.0	3.544e+07
344.5	3.475e+07
345.0	4.615e+07
345.5	4.707e+07
346.0	3.995e+07
346.5	4.516e+07
347.0	4.827e+07
347.5	3.891e+07
348.0	4.438e+07
348.5	4.435e+07
349.0	4.104e+07
349.5	4.051e+07
350.0	4.998e+07
350.5	5.262e+07
351.0	4.689e+07
351.5	4.535e+07
352.0	4.869e+07
352.5	3.796e+07
353.0	4.772e+07
353.5	5.096e+07
354.0	5.285e+07
354.5	5.354e+07
355.0	5.327e+07
355.5	4.800e+07
356.0	5.012e+07
356.5	4.275e+07
357.0	3.530e+07
357.5	4.318e+07
358.0	3.418e+07
358.5	2.917e+07
359.0	4.076e+07
359.5	5.188e+07
360.0	5.493e+07
360.5	4.385e+07
361.0	3.989e+07
361.5	4.576e+07
362.0	3.942e+07
362.5	5.438e+07
363.0	4.869e+07
363.5	4.472e+07
364.0	5.456e+07
364.5	4.656e+07
365.0	4.735e+07
365.5	5.932e+07
366.0	6.270e+07
366.5	5.877e+07
367.0	5.715e+07
367.5	5.923e+07
368.0	5.174e+07
368.5	5.211e+07
369.0	5.618e+07
369.5	5.979e+07
370.0	6.362e+07
370.5	4.929e+07
371.0	5.257e+07
371.5	6.571e+07
372.0	4.357e+07
372.5	5.216e+07
373.0	5.294e+07
373.5	3.438e+07
374.0	4.989e+07
374.5	4.124e+07
375.0	4.004e+07
375.5	5.974e+07
376.0	4.948e+07
376.5	5.123e+07
377.0	5.415e+07
377.5	6.325e+07
378.0	6.853e+07
378.5	6.473e+07
379.0	5.341e+07
379.5	4.878e+07
380.0	5.068e+07
380.5	6.127e+07
381.0	6.127e+07
381.5	4.846e+07
382.0	4.295e+07
382.5	3.652e+07
383.0	3.375e+07
383.5	3.246e+07
384.0	3.576e+07
384.5	5.253e+07
385.0	5.202e+07
385.5	4.837e+07
386.0	4.137e+07
386.5	5.424e+07
387.0	4.504e+07
387.5	5.054e+07
388.0	4.661e+07
388.5	4.600e+07
389.0	4.961e+07
389.5	6.002e+07
390.0	6.016e+07
390.5	5.530e+07
391.0	6.501e+07
391.5	6.626e+07
392.0	5.576e+07
392.5	4.985e+07
393.0	2.769e+07
393.5	2.010e+07
394.0	4.086e+07
394.5	5.188e+07
395.0	6.325e+07
395.5	6.423e+07
396.0	5.563e+07
396.5	3.246e+07
397.0	2.433e+07
397.5	4.943e+07
398.0	6.922e+07
398.5	7.149e+07
399.0	7.722e+07
399.5	7.690e+07
400.0	7.985e+07
401.0	8.180e+07
402.0	8.605e+07
403.0	8.152e+07
404.0	8.013e+07
405.0	7.999e+07
406.0	7.847e+07
407.0	7.699e+07
408.0	7.995e+07
409.0	8.540e+07
410.0	7.444e+07
411.0	8.046e+07
412.0	8.614e+07
413.0	8.397e+07
414.0	8.480e+07
415.0	8.480e+07
416.0	8.605e+07
417.0	8.383e+07
418.0	8.217e+07
419.0	8.309e+07
420.0	8.263e+07
421.0	8.628e+07
422.0	8.189e+07
423.0	7.985e+07
424.0	8.439e+07
425.0	8.406e+07
426.0	8.161e+07
427.0	7.999e+07
428.0	7.787e+07
429.0	7.352e+07
430.0	6.423e+07
431.0	6.367e+07
432.0	8.198e+07
433.0	8.231e+07
434.0	7.639e+07
435.0	7.976e+07
436.0	8.961e+07
437.0	8.813e+07
438.0	8.009e+07
439.0	8.300e+07
440.0	8.545e+07
441.0	8.832e+07
442.0	9.460e+07
443.0	9.225e+07
444.0	9.405e+07
445.0	9.206e+07
446.0	8.758e+07
447.0	9.442e+07
448.0	9.604e+07
449.0	9.604e+07
450.0	9.853e+07
451.0	1.021e+08
452.0	9.826e+07
453.0	9.229e+07
454.0	9.613e+07
455.0	9.669e+07
456.0	9.886e+07
457.0	1.004e+08
458.0	9.710e+07
459.0	9.645e+07
460.0	9.673e+07
461.0	9.886e+07
462.0	9.941e+07
463.0	9.877e+07
464.0	9.687e+07
465.0	9.539e+07
466.0	9.613e+07
467.0	9.447e+07
468.0	9.553e+07
469.0	9.599e+07
470.0	9.294e+07
471.0	9.276e+07
472.0	9.775e+07
473.0	9.650e+07
474.0	9.682e+07
475.0	9.784e+07
476.0	9.516e+07
477.0	9.558e+07
478.0	9.807e+07
479.0	9.724e+07
480.0	9.719e+07
481.0	9.872e+07
482.0	9.895e+07
483.0	9.747e+07
484.0	9.534e+07
485.0	9.072e+07
486.0	7.916e+07
487.0	8.281e+07
488.0	9.086e+07
489.0	9.123e+07
490.0	9.581e+07
491.0	9.400e+07
492.0	8.873e+07
493.0	9.160e+07
494.0	9.248e+07
495.0	9.322e+07
496.0	9.377e+07
497.0	9.521e+07
498.0	9.072e+07
499.0	9.192e+07
500.0	8.933e+07
501.0	8.781e+07
502.0	8.684e+07
503.0	9.067e+07
504.0	8.938e+07
505.0	9.169e+07
506.0	9.470e+07
507.0	9.007e+07
508.0	8.698e+07
509.0	8.919e+07
510.0	8.855e+07
511.0	9.072e+07
512.0	9.160e+07
513.0	8.665e+07
514.0	8.596e+07
515.0	8.508e+07
516.0	8.489e+07
517.0	7.537e+07
518.0	7.925e+07
519.0	8.314e+07
520.0	8.619e+07
521.0	8.702e+07
522.0	8.716e+07
523.0	8.563e+07
524.0	8.882e+07
525.0	9.007e+07
526.0	8.610e+07
527.0	8.129e+07
528.0	8.610e+07
529.0	9.086e+07
530.0	8.961e+07
531.0	9.100e+07
532.0	8.790e+07
533.0	8.531e+07
534.0	8.776e+07
535.0	8.956e+07
536.0	9.030e+07
537.0	8.665e+07
538.0	8.813e+07
539.0	8.739e+07
540.0	8.383e+07
541.0	8.466e+07
542.0	8.744e+07
543.0	8.628e+07
544.0	8.799e+07
545.0	8.767e+07
546.0	8.827e+07
547.0	8.804e+07
548.0	8.688e+07
549.0	8.707e+07
550.0	8.808e+07
551.0	8.698e+07
552.0	8.758e+07
553.0	8.605e+07
554.0	8.813e+07
555.0	8.836e+07
556.0	8.725e+07
557.0	8.462e+07
558.0	8.411e+07
559.0	8.268e+07
560.0	8.378e+07
561.0	8.499e+07
562.0	8.452e+07
563.0	8.702e+07
564.0	8.480e+07
565.0	8.420e+07
566.0	8.309e+07
567.0	8.485e+07
568.0	8.457e+07
569.0	8.355e+07
570.0	8.337e+07
571.0	8.258e+07
572.0	8.522e+07
573.0	8.624e+07
574.0	8.610e+07
575.0	8.471e+07
576.0	8.392e+07
577.0	8.476e+07
578.0	8.323e+07
579.0	8.314e+07
580.0	8.406e+07
581.0	8.402e+07
582.0	8.517e+07
583.0	8.503e+07
584.0	8.554e+07
585.0	8.332e+07
586.0	8.161e+07
587.0	8.369e+07
588.0	8.291e+07
589.0	7.611e+07
590.0	7.935e+07
591.0	8.240e+07
592.0	8.231e+07
593.0	8.249e+07
594.0	8.235e+07
595.0	8.101e+07
596.0	8.226e+07
597.0	8.170e+07
598.0	8.096e+07
599.0	8.073e+07
600.0	8.032e+07
601.0	7.930e+07
602.0	7.870e+07
603.0	7.985e+07
604.0	8.110e+07
605.0	8.059e+07
606.0	8.009e+07
607.0	8.069e+07
608.0	7.962e+07
609.0	7.962e+07
610.0	7.888e+07
611.0	7.921e+07
612.0	7.888e+07
613.0	7.782e+07
614.0	7.662e+07
615.0	7.814e+07
616.0	7.546e+07
617.0	7.523e+07
618.0	7.805e+07
619.0	7.722e+07
620.0	7.773e+07
621.0	7.796e+07
622.0	7.722e+07
623.0	7.620e+07
624.0	7.477e+07
625.0	7.458e+07
626.0	7.574e+07
627.0	7.699e+07
628.0	7.690e+07
629.0	7.690e+07
630.0	7.528e+07
631.0	7.532e+07
632.0	7.417e+07
633.0	7.574e+07
634.0	7.449e+07
635.0	7.542e+07
636.0	7.412e+07
637.0	7.514e+07
638.0	7.551e+07
639.0	7.449e+07
640.0	7.357e+07
641.0	7.338e+07
642.0	7.287e+07
643.0	7.384e+07
644.0	7.343e+07
645.0	7.366e+07
646.0	7.255e+07
647.0	7.292e+07
648.0	7.357e+07
649.0	7.213e+07
650.0	7.070e+07
651.0	7.333e+07
652.0	7.250e+07
653.0	7.241e+07
654.0	7.135e+07
655.0	6.977e+07
656.0	6.108e+07
657.0	6.270e+07
658.0	6.977e+07
659.0	6.996e+07
660.0	7.014e+07
661.0	7.061e+07
662.0	7.107e+07
663.0	6.954e+07
664.0	6.991e+07
665.0	6.964e+07
666.0	6.954e+07
667.0	6.931e+07
668.0	6.917e+07
669.0	7.014e+07
670.0	6.977e+07
671.0	6.968e+07
672.0	6.903e+07
673.0	7.001e+07
674.0	6.968e+07
675.0	6.899e+07
676.0	6.940e+07
677.0	6.866e+07
678.0	6.880e+07
679.0	6.765e+07
680.0	6.816e+07
681.0	6.769e+07
682.0	6.760e+07
683.0	6.746e+07
684.0	6.714e+07
685.0	6.765e+07
686.0	6.732e+07
687.0	6.816e+07
688.0	6.737e+07
689.0	6.723e+07
690.0	6.677e+07
691.0	6.626e+07
692.0	6.566e+07
693.0	6.575e+07
694.0	6.594e+07
695.0	6.594e+07
696.0	6.649e+07
697.0	6.621e+07
698.0	6.529e+07
699.0	6.617e+07
700.0	6.534e+07
701.0	6.520e+07
702.0	6.483e+07
703.0	6.510e+07
704.0	6.575e+07
705.0	6.584e+07
706.0	6.520e+07
707.0	6.506e+07
708.0	6.520e+07
709.0	6.455e+07
710.0	6.487e+07
711.0	6.455e+07
712.0	6.404e+07
713.0	6.367e+07
714.0	6.390e+07
715.0	6.270e+07
716.0	6.302e+07
717.0	6.390e+07
718.0	6.288e+07
719.0	6.173e+07
720.0	6.293e+07
721.0	6.224e+07
722.0	6.219e+07
723.0	6.275e+07
724.0	6.224e+07
725.0	6.182e+07
726.0	6.191e+07
727.0	6.233e+07
728.0	6.122e+07
729.0	5.997e+07
730.0	6.145e+07
731.0	6.099e+07
732.0	6.113e+07
733.0	6.094e+07
734.0	6.159e+07
735.0	6.071e+07
736.0	6.043e+07
737.0	6.090e+07
738.0	5.988e+07
739.0	5.886e+07
740.0	5.974e+07
741.0	5.877e+07
742.0	5.849e+07
743.0	5.988e+07
744.0	5.951e+07
745.0	5.937e+07
746.0	5.965e+07
747.0	5.974e+07
748.0	5.960e+07
749.0	5.891e+07
750.0	5.886e+07
751.0	5.826e+07
752.0	5.849e+07
753.0	5.877e+07
754.0	5.891e+07
755.0	5.858e+07
756.0	5.854e+07
757.0	5.863e+07
758.0	5.794e+07
759.0	5.775e+07
760.0	5.775e+07
761.0	5.757e+07
762.0	5.655e+07
763.0	5.761e+07
764.0	5.729e+07
765.0	5.669e+07
766.0	5.438e+07
767.0	5.623e+07
768.0	5.646e+07
769.0	5.590e+07
770.0	5.590e+07
771.0	5.553e+07
772.0	5.539e+07
773.0	5.572e+07
774.0	5.539e+07
775.0	5.493e+07
776.0	5.558e+07
777.0	5.484e+07
778.0	5.452e+07
779.0	5.456e+07
780.0	5.424e+07
781.0	5.428e+07
782.0	5.461e+07
783.0	5.364e+07
784.0	5.387e+07
785.0	5.354e+07
786.0	5.419e+07
787.0	5.396e+07
788.0	5.368e+07
789.0	5.396e+07
790.0	5.387e+07
791.0	5.313e+07
792.0	5.262e+07
793.0	5.193e+07
794.0	5.133e+07
795.0	5.253e+07
796.0	5.271e+07
797.0	5.267e+07
798.0	5.262e+07
799.0	5.267e+07
800.0	5.220e+07
801.0	5.234e+07
802.0	5.211e+07
803.0	5.188e+07
804.0	5.179e+07
805.0	5.114e+07
806.0	5.183e+07
807.0	5.142e+07
808.0	5.133e+07
809.0	5.091e+07
810.0	5.105e+07
811.0	5.156e+07
812.0	5.160e+07
813.0	5.170e+07
814.0	5.137e+07
815.0	5.109e+07
816.0	5.100e+07
817.0	5.082e+07
818.0	4.980e+07
819.0	4.952e+07
820.0	4.920e+07
821.0	4.915e+07
822.0	4.924e+07
823.0	4.975e+07
824.0	4.961e+07
825.0	4.948e+07
826.0	4.985e+07
827.0	4.975e+07
828.0	4.948e+07
829.0	4.915e+07
830.0	4.901e+07
831.0	4.874e+07
832.0	4.887e+07
833.0	4.735e+07
834.0	4.758e+07
835.0	4.832e+07
836.0	4.855e+07
837.0	4.832e+07
838.0	4.758e+07
839.0	4.744e+07
840.0	4.823e+07
841.0	4.795e+07
842.0	4.753e+07
843.0	4.698e+07
844.0	4.665e+07
845.0	4.776e+07
846.0	4.749e+07
847.0	4.642e+07
848.0	4.638e+07
849.0	4.508e+07
850.0	4.314e+07
851.0	4.596e+07
852.0	4.552e+07
853.0	4.359e+07
854.0	3.782e+07
855.0	4.129e+07
856.0	4.524e+07
857.0	4.607e+07
858.0	4.580e+07
859.0	4.575e+07
860.0	4.576e+07
861.0	4.553e+07
862.0	4.621e+07
863.0	4.730e+07
864.0	4.493e+07
865.0	4.451e+07
866.0	4.002e+07
867.0	4.176e+07
868.0	4.544e+07
869.0	4.449e+07
870.0	4.575e+07
871.0	4.513e+07
872.0	4.496e+07
873.0	4.487e+07
874.0	4.433e+07
875.0	4.344e+07
876.0	4.391e+07
877.0	4.433e+07
878.0	4.486e+07
879.0	4.416e+07
880.0	4.321e+07
881.0	4.268e+07
882.0	4.363e+07
883.0	4.369e+07
884.0	4.351e+07
885.0	4.383e+07
886.0	4.220e+07
887.0	4.235e+07
888.0	4.327e+07
889.0	4.328e+07
890.0	4.340e+07
891.0	4.308e+07
892.0	4.239e+07
893.0	4.213e+07
894.0	4.223e+07
895.0	4.207e+07
896.0	4.269e+07
897.0	4.204e+07
898.0	4.222e+07
899.0	4.210e+07
900.0	4.113e+07
901.0	3.972e+07
902.0	4.013e+07
903.0	4.165e+07
904.0	4.207e+07
905.0	4.195e+07
906.0	4.098e+07
907.0	4.131e+07
908.0	4.058e+07
909.0	3.976e+07
910.0	4.054e+07
911.0	4.033e+07
912.0	4.038e+07
913.0	4.127e+07
914.0	4.078e+07
915.0	4.045e+07
916.0	4.062e+07
917.0	4.005e+07
918.0	4.024e+07
919.0	4.038e+07
920.0	3.989e+07
921.0	3.889e+07
922.0	3.874e+07
923.0	3.768e+07
924.0	3.887e+07
925.0	3.886e+07
926.0	3.836e+07
927.0	3.959e+07
928.0	3.965e+07
929.0	3.912e+07
930.0	3.933e+07
931.0	3.933e+07
932.0	3.912e+07
933.0	3.927e+07
934.0	3.917e+07
935.0	3.871e+07
936.0	3.852e+07
937.0	3.879e+07
938.0	3.876e+07
939.0	3.848e+07
940.0	3.803e+07
941.0	3.664e+07
942.0	3.741e+07
943.0	3.786e+07
944.0	3.736e+07
945.0	3.773e+07
946.0	3.786e+07
947.0	3.795e+07
948.0	3.798e+07
949.0	3.795e+07
950.0	3.768e+07
951.0	3.748e+07
952.0	3.751e+07
953.0	3.717e+07
954.0	3.603e+07
955.0	3.542e+07
956.0	3.692e+07
957.0	3.663e+07
958.0	3.703e+07
959.0	3.707e+07
960.0	3.654e+07
961.0	3.672e+07
962.0	3.640e+07
963.0	3.622e+07
964.0	3.621e+07
965.0	3.607e+07
966.0	3.577e+07
967.0	3.608e+07
968.0	3.603e+07
969.0	3.601e+07
970.0	3.597e+07
971.0	3.586e+07
972.0	3.595e+07
973.0	3.557e+07
974.0	3.513e+07
975.0	3.556e+07
976.0	3.536e+07
977.0	3.528e+07
978.0	3.523e+07
979.0	3.493e+07
980.0	3.511e+07
981.0	3.530e+07
982.0	3.518e+07
983.0	3.493e+07
984.0	3.488e+07
985.0	3.491e+07
986.0	3.465e+07
987.0	3.458e+07
988.0	3.463e+07
989.0	3.408e+07
990.0	3.423e+07
991.0	3.429e+07
992.0	3.439e+07
993.0	3.430e+07
994.0	3.430e+07
995.0	3.415e+07
996.0	3.412e+07
997.0	3.411e+07
998.0	3.399e+07
999.0	3.383e+07
1000.0	3.379e+07
1001.0	3.399e+07
1002.0	3.385e+07
1003.0	3.344e+07
1004.0	3.283e+07
1005.0	3.135e+07
1006.0	3.273e+07
1007.0	3.333e+07
1008.0	3.331e+07
1009.0	3.329e+07
1010.0	3.324e+07
1011.0	3.314e+07
1012.0	3.302e+07
1013.0	3.302e+07
1014.0	3.279e+07
1015.0	3.260e+07
1016.0	3.247e+07
1017.0	3.258e+07
1018.0	3.236e+07
1019.0	3.197e+07
1020.0	3.224e+07
1021.0	3.214e+07
1022.0	3.200e+07
1023.0	3.237e+07
1024.0	3.226e+07
1025.0	3.223e+07
1026.0	3.217e+07
1027.0	3.209e+07
1028.0	3.204e+07
1029.0	3.169e+07
1030.0	3.179e+07
1031.0	3.172e+07
1032.0	3.159e+07
1033.0	3.112e+07
1034.0	3.111e+07
1035.0	3.121e+07
1036.0	3.140e+07
1037.0	3.088e+07
1038.0	3.103e+07
1039.0	3.103e+07
1040.0	3.091e+07
1041.0	3.105e+07
1042.0	3.084e+07
1043.0	3.076e+07
1044.0	3.088e+07
1045.0	3.048e+07
1046.0	3.016e+07
1047.0	3.045e+07
1048.0	3.064e+07
1049.0	3.055e+07
1050.0	3.044e+07
1051.0	3.043e+07
1052.0	3.033e+07
1053.0	3.012e+07
1054.0	3.022e+07
1055.0	3.028e+07
1056.0	3.022e+07
1057.0	3.017e+07
1058.0	2.946e+07
1059.0	2.954e+07
1060.0	2.952e+07
1061.0	2.951e+07
1062.0	2.971e+07
1063.0	2.945e+07
1064.0	2.979e+07
1065.0	2.968e+07
1066.0	2.901e+07
1067.0	2.941e+07
1068.0	2.885e+07
1069.0	2.791e+07
1070.0	2.895e+07
1071.0	2.912e+07
1072.0	2.900e+07
1073.0	2.852e+07
1074.0	2.897e+07
1075.0	2.835e+07
1076.0	2.900e+07
1077.0	2.899e+07
1078.0	2.856e+07
1079.0	2.840e+07
1080.0	2.880e+07
1081.0	2.801e+07
1082.0	2.776e+07
1083.0	2.772e+07
1084.0	2.839e+07
1085.0	2.856e+07
1086.0	2.821e+07
1087.0	2.725e+07
1088.0	2.785e+07
1089.0	2.781e+07
1090.0	2.818e+07
1091.0	2.804e+07
1092.0	2.778e+07
1093.0	2.687e+07
1094.0	2.575e+07
1095.0	2.698e+07
1096.0	2.696e+07
1097.0	2.700e+07
1098.0	2.663e+07
1099.0	2.724e+07
1100.0	2.741e+07
1101.0	2.704e+07
1102.0	2.669e+07
1103.0	2.721e+07
1104.0	2.712e+07
1105.0	2.711e+07
1106.0	2.703e+07
1107.0	2.693e+07
1108.0	2.694e+07
1109.0	2.692e+07
1110.0	2.692e+07
1111.0	2.672e+07
1112.0	2.654e+07
1113.0	2.647e+07
1114.0	2.670e+07
1115.0	2.649e+07
1116.0	2.650e+07
1117.0	2.662e+07
1118.0	2.637e+07
1119.0	2.601e+07
1120.0	2.601e+07
1121.0	2.619e+07
1122.0	2.629e+07
1123.0	2.625e+07
1124.0	2.606e+07
1125.0	2.534e+07
1126.0	2.559e+07
1127.0	2.580e+07
1128.0	2.570e+07
1129.0	2.542e+07
1130.0	2.547e+07
1131.0	2.560e+07
1132.0	2.561e+07
1133.0	2.519e+07
1134.0	2.544e+07
1135.0	2.545e+07
1136.0	2.548e+07
1137.0	2.522e+07
1138.0	2.489e+07
1139.0	2.498e+07
1140.0	2.478e+07
1141.0	2.482e+07
1142.0	2.491e+07
1143.0	2.497e+07
1144.0	2.474e+07
1145.0	2.495e+07
1146.0	2.512e+07
1147.0	2.505e+07
1148.0	2.489e+07
1149.0	2.484e+07
1150.0	2.477e+07
1151.0	2.476e+07
1152.0	2.456e+07
1153.0	2.470e+07
1154.0	2.474e+07
1155.0	2.460e+07
1156.0	2.453e+07
1157.0	2.453e+07
1158.0	2.446e+07
1159.0	2.390e+07
1160.0	2.396e+07
1161.0	2.351e+07
1162.0	2.414e+07
1163.0	2.412e+07
1164.0	2.380e+07
1165.0	2.393e+07
1166.0	2.374e+07
1167.0	2.390e+07
1168.0	2.394e+07
1169.0	2.342e+07
1170.0	2.386e+07
1171.0	2.393e+07
1172.0	2.386e+07
1173.0	2.384e+07
1174.0	2.373e+07
1175.0	2.306e+07
1176.0	2.345e+07
1177.0	2.345e+07
1178.0	2.317e+07
1179.0	2.351e+07
1180.0	2.357e+07
1181.0	2.340e+07
1182.0	2.312e+07
1183.0	2.245e+07
1184.0	2.311e+07
1185.0	2.332e+07
1186.0	2.327e+07
1187.0	2.326e+07
1188.0	2.241e+07
1189.0	2.237e+07
1190.0	2.303e+07
1191.0	2.317e+07
1192.0	2.305e+07
1193.0	2.303e+07
1194.0	2.299e+07
1195.0	2.271e+07
1196.0	2.273e+07
1197.0	2.217e+07
1198.0	2.193e+07
1199.0	2.169e+07
1200.0	2.259e+07
1201.0	2.269e+07
1202.0	2.256e+07
1203.0	2.162e+07
1204.0	2.214e+07
1205.0	2.240e+07
1206.0	2.243e+07
1207.0	2.239e+07
1208.0	2.125e+07
1209.0	2.167e+07
1210.0	2.179e+07
1211.0	2.187e+07
1212.0	2.213e+07
1213.0	2.211e+07
1214.0	2.211e+07
1215.0	2.210e+07
1216.0	2.207e+07
1217.0	2.201e+07
1218.0	2.192e+07
1219.0	2.183e+07
1220.0	2.189e+07
1221.0	2.181e+07
1222.0	2.172e+07
1223.0	2.165e+07
1224.0	2.171e+07
1225.0	2.164e+07
1226.0	2.155e+07
1227.0	2.112e+07
1228.0	2.146e+07
1229.0	2.151e+07
1230.0	2.139e+07
1231.0	2.132e+07
1232.0	2.122e+07
1233.0	2.126e+07
1234.0	2.115e+07
1235.0	2.113e+07
1236.0	2.119e+07
1237.0	2.116e+07
1238.0	2.112e+07
1239.0	2.085e+07
1240.0	2.090e+07
1241.0	2.098e+07
1242.0	2.077e+07
1243.0	2.059e+07
1244.0	2.079e+07
1245.0	2.085e+07
1246.0	2.072e+07
1247.0	2.069e+07
1248.0	2.078e+07
1249.0	2.075e+07
1250.0	2.068e+07
1251.0	2.053e+07
1252.0	2.039e+07
1253.0	2.049e+07
1254.0	2.050e+07
1255.0	2.044e+07
1256.0	2.036e+07
1257.0	2.035e+07
1258.0	2.034e+07
1259.0	2.038e+07
1260.0	2.039e+07
1261.0	2.028e+07
1262.0	2.023e+07
1263.0	2.030e+07
1264.0	2.011e+07
1265.0	2.015e+07
1266.0	2.018e+07
1267.0	1.998e+07
1268.0	1.985e+07
1269.0	2.005e+07
1270.0	2.012e+07
1271.0	2.007e+07
1272.0	2.002e+07
1273.0	1.993e+07
1274.0	1.985e+07
1275.0	1.993e+07
1276.0	1.992e+07
1277.0	1.987e+07
1278.0	1.979e+07
1279.0	1.963e+07
1280.0	1.938e+07
1281.0	1.830e+07
1282.0	1.733e+07
1283.0	1.873e+07
1284.0	1.925e+07
1285.0	1.934e+07
1286.0	1.942e+07
1287.0	1.946e+07
1288.0	1.938e+07
1289.0	1.938e+07
1290.0	1.914e+07
1291.0	1.929e+07
1292.0	1.937e+07
1293.0	1.926e+07
1294.0	1.922e+07
1295.0	1.930e+07
1296.0	1.930e+07
1297.0	1.913e+07
1298.0	1.911e+07
1299.0	1.921e+07
1300.0	1.913e+07
1301.0	1.902e+07
1302.0	1.893e+07
1303.0	1.879e+07
1304.0	1.885e+07
1305.0	1.895e+07
1306.0	1.894e+07
1307.0	1.883e+07
1308.0	1.881e+07
1309.0	1.880e+07
1310.0	1.868e+07
1311.0	1.867e+07
1312.0	1.816e+07
1313.0	1.832e+07
1314.0	1.848e+07
1315.0	1.793e+07
1316.0	1.836e+07
1317.0	1.844e+07
1318.0	1.837e+07
1319.0	1.850e+07
1320.0	1.840e+07
1321.0	1.830e+07
1322.0	1.833e+07
1323.0	1.832e+07
1324.0	1.833e+07
1325.0	1.825e+07
1326.0	1.814e+07
1327.0	1.812e+07
1328.0	1.795e+07
1329.0	1.774e+07
1330.0	1.800e+07
1331.0	1.795e+07
1332.0	1.776e+07
1333.0	1.804e+07
1334.0	1.806e+07
1335.0	1.794e+07
1336.0	1.797e+07
1337.0	1.789e+07
1338.0	1.779e+07
1339.0	1.752e+07
1340.0	1.771e+07
1341.0	1.774e+07
1342.0	1.773e+07
1343.0	1.771e+07
1344.0	1.776e+07
1345.0	1.766e+07
1346.0	1.758e+07
1347.0	1.762e+07
1348.0	1.761e+07
1349.0	1.748e+07
1350.0	1.734e+07
1351.0	1.746e+07
1352.0	1.753e+07
1353.0	1.746e+07
1354.0	1.735e+07
1355.0	1.718e+07
1356.0	1.710e+07
1357.0	1.713e+07
1358.0	1.726e+07
1359.0	1.709e+07
1360.0	1.710e+07
1361.0	1.724e+07
1362.0	1.705e+07
1363.0	1.697e+07
1364.0	1.704e+07
1365.0	1.708e+07
1366.0	1.697e+07
1367.0	1.692e+07
1368.0	1.685e+07
1369.0	1.674e+07
1370.0	1.673e+07
1371.0	1.677e+07
1372.0	1.690e+07
1373.0	1.690e+07
1374.0	1.675e+07
1375.0	1.661e+07
1376.0	1.654e+07
1377.0	1.668e+07
1378.0	1.670e+07
1379.0	1.673e+07
1380.0	1.666e+07
1381.0	1.661e+07
1382.0	1.647e+07
1383.0	1.654e+07
1384.0	1.657e+07
1385.0	1.648e+07
1386.0	1.648e+07
1387.0	1.645e+07
1388.0	1.651e+07
1389.0	1.641e+07
1390.0	1.632e+07
1391.0	1.643e+07
1392.0	1.637e+07
1393.0	1.631e+07
1394.0	1.623e+07
1395.0	1.621e+07
1396.0	1.627e+07
1397.0	1.628e+07
1398.0	1.626e+07
1399.0	1.608e+07
1400.0	1.586e+07
1401.0	1.598e+07
1402.0	1.606e+07
1403.0	1.594e+07
1404.0	1.595e+07
1405.0	1.598e+07
1406.0	1.594e+07
1407.0	1.593e+07
1408.0	1.593e+07
1409.0	1.596e+07
1410.0	1.588e+07
1411.0	1.555e+07
1412.0	1.556e+07
1413.0	1.565e+07
1414.0	1.571e+07
1415.0	1.576e+07
1416.0	1.566e+07
1417.0	1.576e+07
1418.0	1.569e+07
1419.0	1.557e+07
1420.0	1.557e+07
1421.0	1.543e+07
1422.0	1.531e+07
1423.0	1.534e+07
1424.0	1.535e+07
1425.0	1.526e+07
1426.0	1.517e+07
1427.0	1.523e+07
1428.0	1.527e+07
1429.0	1.501e+07
1430.0	1.520e+07
1431.0	1.522e+07
1432.0	1.545e+07
1433.0	1.530e+07
1434.0	1.526e+07
1435.0	1.531e+07
1436.0	1.527e+07
1437.0	1.529e+07
1438.0	1.528e+07
1439.0	1.513e+07
1440.0	1.453e+07
1441.0	1.491e+07
1442.0	1.472e+07
1443.0	1.488e+07
1444.0	1.482e+07
1445.0	1.502e+07
1446.0	1.490e+07
1447.0	1.490e+07
1448.0	1.499e+07
1449.0	1.494e+07
1450.0	1.474e+07
1451.0	1.458e+07
1452.0	1.473e+07
1453.0	1.470e+07
1454.0	1.454e+07
1455.0	1.452e+07
1456.0	1.457e+07
1457.0	1.466e+07
1458.0	1.478e+07
1459.0	1.472e+07
1460.0	1.463e+07
1461.0	1.458e+07
1462.0	1.446e+07
1463.0	1.440e+07
1464.0	1.449e+07
1465.0	1.439e+07
1466.0	1.450e+07
1467.0	1.447e+07
1468.0	1.441e+07
1469.0	1.450e+07
1470.0	1.426e+07
1471.0	1.424e+07
1472.0	1.418e+07
1473.0	1.402e+07
1474.0	1.400e+07
1475.0	1.404e+07
1476.0	1.410e+07
1477.0	1.403e+07
1478.0	1.403e+07
1479.0	1.422e+07
1480.0	1.413e+07
1481.0	1.408e+07
1482.0	1.405e+07
1483.0	1.393e+07
1484.0	1.412e+07
1485.0	1.415e+07
1486.0	1.397e+07
1487.0	1.339e+07
1488.0	1.291e+07
1489.0	1.391e+07
1490.0	1.399e+07
1491.0	1.393e+07
1492.0	1.392e+07
1493.0	1.400e+07
1494.0	1.402e+07
1495.0	1.378e+07
1496.0	1.358e+07
1497.0	1.375e+07
1498.0	1.376e+07
1499.0	1.376e+07
1500.0	1.384e+07
1501.0	1.376e+07
1502.0	1.306e+07
1503.0	1.287e+07
1504.0	1.269e+07
1505.0	1.268e+07
1506.0	1.328e+07
1507.0	1.348e+07
1508.0	1.327e+07
1509.0	1.346e+07
1510.0	1.358e+07
1511.0	1.353e+07
1512.0	1.328e+07
1513.0	1.325e+07
1514.0	1.326e+07
1515.0	1.333e+07
1516.0	1.321e+07
1517.0	1.328e+07
1518.0	1.329e+07
1519.0	1.326e+07
1520.0	1.319e+07
1521.0	1.301e+07
1522.0	1.300e+07
1523.0	1.312e+07
1524.0	1.302e+07
1525.0	1.305e+07
1526.0	1.315e+07
1527.0	1.315e+07
1528.0	1.311e+07
1529.0	1.274e+07
1530.0	1.265e+07
1531.0	1.300e+07
1532.0	1.295e+07
1533.0	1.282e+07
1534.0	1.271e+07
1535.0	1.285e+07
1536.0	1.291e+07
1537.0	1.279e+07
1538.0	1.266e+07
1539.0	1.257e+07
1540.0	1.246e+07
1541.0	1.260e+07
1542.0	1.263e+07
1543.0	1.271e+07
1544.0	1.273e+07
1545.0	1.275e+07
1546.0	1.267e+07
1547.0	1.240e+07
1548.0	1.239e+07
1549.0	1.244e+07
1550.0	1.238e+07
1551.0	1.250e+07
1552.0	1.252e+07
1553.0	1.230e+07
1554.0	1.223e+07
1555.0	1.223e+07
1556.0	1.223e+07
1557.0	1.236e+07
1558.0	1.230e+07
1559.0	1.223e+07
1560.0	1.232e+07
1561.0	1.240e+07
1562.0	1.230e+07
1563.0	1.217e+07
1564.0	1.224e+07
1565.0	1.221e+07
1566.0	1.208e+07
1567.0	1.208e+07
1568.0	1.198e+07
1569.0	1.200e+07
1570.0	1.211e+07
1571.0	1.221e+07
1572.0	1.213e+07
1573.0	1.207e+07
1574.0	1.167e+07
1575.0	1.155e+07
1576.0	1.144e+07
1577.0	1.118e+07
1578.0	1.177e+07
1579.0	1.196e+07
1580.0	1.202e+07
1581.0	1.184e+07
1582.0	1.157e+07
1583.0	1.166e+07
1584.0	1.172e+07
1585.0	1.181e+07
1586.0	1.171e+07
1587.0	1.151e+07
1588.0	1.107e+07
1589.0	1.072e+07
1590.0	1.100e+07
1591.0	1.125e+07
1592.0	1.166e+07
1593.0	1.176e+07
1594.0	1.180e+07
1595.0	1.160e+07
1596.0	1.128e+07
1597.0	1.163e+07
1598.0	1.169e+07
1599.0	1.156e+07
1600.0	1.145e+07
1601.0	1.132e+07
1602.0	1.140e+07
1603.0	1.144e+07
1604.0	1.136e+07
1605.0	1.135e+07
1606.0	1.122e+07
1607.0	1.132e+07
1608.0	1.137e+07
1609.0	1.103e+07
1610.0	1.080e+07
1611.0	1.100e+07
1612.0	1.110e+07
1613.0	1.117e+07
1614.0	1.114e+07
1615.0	1.088e+07
1616.0	1.071e+07
1617.0	1.096e+07
1618.0	1.111e+07
1619.0	1.097e+07
1620.0	1.066e+07
1621.0	1.081e+07
1622.0	1.098e+07
1623.0	1.113e+07
1624.0	1.104e+07
1625.0	1.099e+07
1626.0	1.103e+07
1627.0	1.110e+07
1628.0	1.110e+07
1629.0	1.097e+07
1630.0	1.093e+07
1631.0	1.094e+07
1632.0	1.088e+07
1633.0	1.070e+07
1634.0	1.076e+07
1635.0	1.082e+07
1636.0	1.059e+07
1637.0	1.041e+07
1638.0	1.016e+07
1639.0	1.020e+07
1640.0	1.023e+07
1641.0	1.017e+07
1642.0	1.028e+07
1643.0	1.033e+07
1644.0	1.025e+07
1645.0	1.033e+07
1646.0	1.043e+07
1647.0	1.043e+07
1648.0	1.035e+07
1649.0	1.031e+07
1650.0	1.034e+07
1651.0	1.032e+07
1652.0	1.037e+07
1653.0	1.037e+07
1654.0	1.034e+07
1655.0	1.036e+07
1656.0	1.041e+07
1657.0	1.039e+07
1658.0	1.034e+07
1659.0	1.031e+07
1660.0	1.039e+07
1661.0	1.039e+07
1662.0	1.031e+07
1663.0	1.026e+07
1664.0	1.023e+07
1665.0	1.014e+07
1666.0	1.011e+07
1667.0	1.005e+07
1668.0	9.951e+06
1669.0	1.009e+07
1670.0	1.013e+07
1671.0	9.937e+06
1672.0	9.733e+06
1673.0	9.914e+06
1674.0	9.904e+06
1675.0	9.710e+06
1676.0	9.729e+06
1677.0	9.803e+06
1678.0	9.724e+06
1679.0	9.539e+06
1680.0	9.202e+06
1681.0	9.114e+06
1682.0	9.359e+06
1683.0	9.567e+06
1684.0	9.673e+06
1685.0	9.678e+06
1686.0	9.659e+06
1687.0	9.659e+06
1688.0	9.645e+06
1689.0	9.548e+06
1690.0	9.655e+06
1691.0	9.710e+06
1692.0	9.719e+06
1693.0	9.701e+06
1694.0	9.678e+06
1695.0	9.655e+06
1696.0	9.622e+06
1697.0	9.608e+06
1698.0	9.599e+06
1699.0	9.525e+06
1700.0	9.447e+06
1701.0	9.428e+06
1702.0	9.368e+06
1703.0	9.349e+06
1704.0	9.447e+06
1705.0	9.377e+06
1710.0	9.160e+06
1715.0	9.215e+06
1720.0	9.058e+06
1725.0	8.938e+06
1730.0	8.836e+06
1735.0	8.388e+06
1740.0	8.545e+06
1745.0	8.587e+06
1750.0	8.522e+06
1755.0	8.517e+06
1760.0	8.397e+06
1765.0	8.309e+06
1770.0	8.244e+06
1775.0	8.129e+06
1780.0	8.022e+06
1785.0	7.981e+06
1790.0	7.958e+06
1795.0	7.865e+06
1800.0	7.777e+06
1805.0	7.713e+06
1810.0	7.648e+06
1815.0	7.320e+06
1820.0	7.190e+06
1825.0	7.394e+06
1830.0	7.361e+06
1835.0	7.287e+06
1840.0	7.190e+06
1845.0	7.075e+06
1850.0	7.088e+06
1855.0	7.028e+06
1860.0	6.936e+06
1865.0	6.839e+06
1870.0	6.728e+06
1875.0	6.233e+06
1880.0	6.584e+06
1885.0	6.617e+06
1890.0	6.515e+06
1895.0	6.372e+06
1900.0	6.418e+06
1905.0	6.386e+06
1910.0	6.316e+06
1915.0	6.275e+06
1920.0	6.201e+06
1925.0	6.168e+06
1930.0	6.025e+06
1935.0	6.020e+06
1940.0	5.882e+06
1945.0	5.563e+06
1950.0	5.761e+06
1955.0	5.858e+06
1960.0	5.784e+06
1965.0	5.687e+06
1970.0	5.664e+06
1975.0	5.567e+06
1980.0	5.507e+06
1985.0	5.470e+06
1990.0	5.465e+06
1995.0	5.373e+06
2000.0	5.359e+06
2005.0	5.304e+06
2010.0	5.290e+06
2015.0	5.243e+06
2020.0	5.151e+06
2025.0	5.123e+06
2030.0	5.045e+06
2035.0	4.998e+06
2040.0	4.975e+06
2045.0	4.980e+06
2050.0	4.920e+06
2055.0	4.869e+06
2060.0	4.795e+06
2065.0	4.758e+06
2070.0	4.730e+06
2075.0	4.726e+06
2080.0	4.652e+06
2085.0	4.611e+06
2090.0	4.566e+06
2095.0	4.499e+06
2100.0	4.506e+06
2105.0	4.478e+06
2110.0	4.426e+06
2115.0	4.388e+06
2120.0	4.333e+06
2125.0	4.293e+06
2130.0	4.290e+06
2135.0	4.238e+06
2140.0	4.227e+06
2145.0	4.189e+06
2150.0	4.165e+06
2155.0	4.125e+06
2160.0	4.059e+06
2165.0	3.824e+06
2170.0	3.934e+06
2175.0	3.959e+06
2180.0	3.926e+06
2185.0	3.911e+06
2190.0	3.865e+06
2195.0	3.855e+06
2200.0	3.818e+06
2205.0	3.731e+06
2210.0	3.721e+06
2215.0	3.708e+06
2220.0	3.685e+06
2225.0	3.638e+06
2230.0	3.619e+06
2235.0	3.589e+06
2240.0	3.540e+06
2245.0	3.522e+06
2250.0	3.487e+06
2255.0	3.448e+06
2260.0	3.428e+06
2265.0	3.397e+06
2270.0	3.384e+06
2275.0	3.359e+06
2280.0	3.302e+06
2285.0	3.284e+06
2290.0	3.266e+06
2295.0	3.195e+06
2300.0	3.199e+06
2305.0	3.189e+06
2310.0	3.164e+06
2315.0	3.126e+06
2320.0	3.085e+06
2325.0	3.021e+06
2330.0	3.034e+06
2335.0	3.010e+06
2340.0	3.000e+06
2345.0	2.987e+06
2350.0	2.937e+06
2355.0	2.876e+06
2360.0	2.888e+06
2365.0	2.881e+06
2370.0	2.847e+06
2375.0	2.815e+06
2380.0	2.800e+06
2385.0	2.708e+06
2390.0	2.731e+06
2395.0	2.721e+06
2400.0	2.704e+06
2405.0	2.688e+06
2410.0	2.668e+06
2415.0	2.588e+06
2420.0	2.600e+06
2425.0	2.590e+06
2430.0	2.580e+06
2435.0	2.550e+06
2440.0	2.544e+06
2445.0	2.510e+06
2450.0	2.468e+06
2455.0	2.449e+06
2460.0	2.456e+06
2465.0	2.450e+06
2470.0	2.412e+06
2475.0	2.408e+06
2480.0	2.358e+06
2485.0	2.342e+06
2490.0	2.348e+06
2495.0	2.335e+06
2500.0	2.328e+06
2505.0	2.311e+06
2510.0	2.274e+06
2515.0	2.263e+06
2520.0	2.257e+06
2525.0	2.245e+06
2530.0	2.231e+06
2535.0	2.210e+06
2540.0	2.173e+06
2545.0	2.166e+06
2550.0	2.153e+06
2555.0	2.136e+06
2560.0	2.121e+06
2565.0	2.107e+06
2570.0	2.097e+06
2575.0	2.093e+06
2580.0	2.068e+06
2585.0	2.018e+06
2590.0	2.037e+06
2595.0	2.023e+06
2600.0	2.013e+06
2605.0	2.004e+06
2610.0	1.987e+06
2615.0	1.968e+06
2620.0	1.932e+06
2625.0	1.842e+06
2630.0	1.896e+06
2635.0	1.915e+06
2640.0	1.877e+06
2645.0	1.882e+06
2650.0	1.875e+06
2655.0	1.851e+06
2660.0	1.848e+06
2665.0	1.811e+06
2670.0	1.823e+06
2675.0	1.807e+06
2680.0	1.803e+06
2685.0	1.795e+06
2690.0	1.782e+06
2695.0	1.768e+06
2700.0	1.760e+06
2705.0	1.746e+06
2710.0	1.732e+06
2715.0	1.723e+06
2720.0	1.711e+06
2725.0	1.697e+06
2730.0	1.688e+06
2735.0	1.678e+06
2740.0	1.663e+06
2745.0	1.657e+06
2750.0	1.643e+06
2755.0	1.619e+06
2760.0	1.600e+06
2765.0	1.602e+06
2770.0	1.598e+06
2775.0	1.584e+06
2780.0	1.576e+06
2785.0	1.566e+06
2790.0	1.561e+06
2795.0	1.550e+06
2800.0	1.537e+06
2805.0	1.527e+06
2810.0	1.520e+06
2815.0	1.509e+06
2820.0	1.499e+06
2825.0	1.488e+06
2830.0	1.480e+06
2835.0	1.471e+06
2840.0	1.456e+06
2845.0	1.449e+06
2850.0	1.438e+06
2855.0	1.430e+06
2860.0	1.421e+06
2865.0	1.409e+06
2870.0	1.384e+06
2875.0	1.377e+06
2880.0	1.382e+06
2885.0	1.375e+06
2890.0	1.365e+06
2895.0	1.358e+06
2900.0	1.349e+06
2905.0	1.340e+06
2910.0	1.333e+06
2915.0	1.323e+06
2920.0	1.315e+06
2925.0	1.301e+06
2930.0	1.296e+06
2935.0	1.290e+06
2940.0	1.281e+06
2945.0	1.270e+06
2950.0	1.264e+06
2955.0	1.257e+06
2960.0	1.250e+06
2965.0	1.243e+06
2970.0	1.235e+06
2975.0	1.228e+06
2980.0	1.218e+06
2985.0	1.211e+06
2990.0	1.203e+06
2995.0	1.193e+06
3000.0	1.184e+06
3005.0	1.181e+06
3010.0	1.174e+06
3015.0	1.166e+06
3020.0	1.158e+06
3025.0	1.151e+06
3030.0	1.142e+06
3035.0	1.125e+06
3040.0	1.106e+06
3045.0	1.117e+06
3050.0	1.116e+06
3055.0	1.108e+06
3060.0	1.102e+06
3065.0	1.092e+06
3070.0	1.087e+06
3075.0	1.083e+06
3080.0	1.075e+06
3085.0	1.066e+06
3090.0	1.062e+06
3095.0	1.055e+06
3100.0	1.048e+06
3105.0	1.044e+06
3110.0	1.036e+06
3115.0	1.018e+06
3120.0	1.021e+06
3125.0	1.018e+06
3130.0	1.012e+06
3135.0	1.007e+06
3140.0	1.000e+06
3145.0	9.941e+05
3150.0	9.826e+05
3155.0	9.798e+05
3160.0	9.766e+05
3165.0	9.687e+05
3170.0	9.613e+05
3175.0	9.595e+05
3180.0	9.516e+05
3185.0	9.474e+05
3190.0	9.428e+05
3195.0	9.373e+05
3200.0	9.285e+05
3205.0	9.252e+05
3210.0	9.206e+05
3215.0	9.132e+05
3220.0	9.095e+05
3225.0	9.035e+05
3230.0	8.984e+05
3235.0	8.919e+05
3240.0	8.859e+05
3245.0	8.804e+05
3250.0	8.785e+05
3255.0	8.721e+05
3260.0	8.665e+05
3265.0	8.614e+05
3270.0	8.573e+05
3275.0	8.513e+05
3280.0	8.448e+05
3285.0	8.397e+05
3290.0	8.323e+05
3295.0	8.152e+05
3300.0	8.138e+05
3305.0	8.203e+05
3310.0	8.175e+05
3315.0	8.096e+05
3320.0	7.958e+05
3325.0	8.009e+05
3330.0	7.995e+05
3335.0	7.944e+05
3340.0	7.888e+05
3345.0	7.861e+05
3350.0	7.805e+05
3355.0	7.763e+05
3360.0	7.731e+05
3365.0	7.666e+05
3370.0	7.602e+05
3375.0	7.583e+05
3380.0	7.542e+05
3385.0	7.505e+05
3390.0	7.477e+05
3395.0	7.380e+05
3400.0	7.283e+05
3405.0	7.315e+05
3410.0	7.283e+05
3415.0	7.218e+05
3420.0	7.209e+05
3425.0	7.167e+05
3430.0	7.125e+05
3435.0	7.107e+05
3440.0	7.070e+05
3445.0	7.028e+05
3450.0	6.991e+05
3455.0	6.950e+05
3460.0	6.917e+05
3465.0	6.876e+05
3470.0	6.825e+05
3475.0	6.788e+05
3480.0	6.760e+05
3485.0	6.723e+05
3490.0	6.686e+05
3495.0	6.645e+05
3500.0	6.617e+05
3505.0	6.584e+05
3510.0	6.547e+05
3515.0	6.506e+05
3520.0	6.469e+05
3525.0	6.436e+05
3530.0	6.404e+05
3535.0	6.353e+05
3540.0	6.321e+05
3545.0	6.307e+05
3550.0	6.270e+05
3555.0	6.214e+05
3560.0	6.178e+05
3565.0	6.164e+05
3570.0	6.122e+05
3575.0	6.094e+05
3580.0	6.053e+05
3585.0	6.025e+05
3590.0	6.002e+05
3595.0	5.965e+05
3600.0	5.932e+05
3605.0	5.914e+05
3610.0	5.882e+05
3615.0	5.854e+05
3620.0	5.826e+05
3625.0	5.789e+05
3630.0	5.757e+05
3635.0	5.729e+05
3640.0	5.692e+05
3645.0	5.650e+05
3650.0	5.613e+05
3655.0	5.567e+05
3660.0	5.553e+05
3665.0	5.539e+05
3670.0	5.502e+05
3675.0	5.465e+05
3680.0	5.396e+05
3685.0	5.391e+05
3690.0	5.391e+05
3695.0	5.313e+05
3700.0	5.239e+05
3705.0	5.253e+05
3710.0	5.234e+05
3715.0	5.225e+05
3720.0	5.220e+05
3725.0	5.202e+05
3730.0	5.174e+05
3735.0	5.091e+05
3740.0	4.971e+05
3745.0	4.961e+05
3750.0	5.008e+05
3755.0	4.998e+05
3760.0	4.994e+05
3765.0	4.985e+05
3770.0	4.961e+05
3775.0	4.915e+05
3780.0	4.897e+05
3785.0	4.883e+05
3790.0	4.846e+05
3795.0	4.823e+05
3800.0	4.804e+05
3805.0	4.786e+05
3810.0	4.758e+05
3815.0	4.735e+05
3820.0	4.721e+05
3825.0	4.712e+05
3830.0	4.684e+05
3835.0	4.647e+05
3840.0	4.633e+05
3845.0	4.620e+05
3850.0	4.597e+05
3855.0	4.570e+05
3860.0	4.534e+05
3865.0	4.503e+05
3870.0	4.486e+05
3875.0	4.477e+05
3880.0	4.453e+05
3885.0	4.413e+05
3890.0	4.405e+05
3895.0	4.381e+05
3900.0	4.358e+05
3905.0	4.346e+05
3910.0	4.327e+05
3915.0	4.306e+05
3920.0	4.283e+05
3925.0	4.266e+05
3930.0	4.242e+05
3935.0	4.217e+05
3940.0	4.204e+05
3945.0	4.175e+05
3950.0	4.139e+05
3955.0	4.113e+05
3960.0	4.102e+05
3965.0	4.094e+05
3970.0	4.075e+05
3975.0	4.052e+05
3980.0	4.030e+05
3985.0	3.996e+05
3990.0	3.971e+05
3995.0	3.946e+05
4000.0	3.838e+05
4020.0	3.688e+05
4040.0	3.614e+05
4060.0	3.541e+05
4080.0	3.471e+05
4100.0	3.402e+05
4120.0	3.335e+05
4140.0	3.270e+05
4160.0	3.206e+05
4180.0	3.143e+05
4200.0	3.083e+05
4220.0	3.023e+05
4240.0	2.965e+05
4260.0	2.908e+05
4280.0	2.853e+05
4300.0	2.799e+05
4320.0	2.747e+05
4340.0	2.695e+05
4360.0	2.645e+05
4380.0	2.596e+05
4400.0	2.548e+05
4420.0	2.501e+05
4440.0	2.456e+05
4460.0	2.411e+05
4480.0	2.367e+05
4500.0	2.324e+05
4520.0	2.282e+05
4540.0	2.241e+05
4560.0	2.201e+05
4580.0	2.163e+05
4600.0	2.124e+05
4620.0	2.087e+05
4640.0	2.050e+05
4660.0	2.014e+05
4680.0	1.979e+05
4700.0	1.945e+05
4720.0	1.912e+05
4740.0	1.879e+05
4760.0	1.847e+05
4780.0	1.815e+05
4800.0	1.784e+05
4820.0	1.754e+05
4840.0	1.725e+05
4860.0	1.696e+05
4880.0	1.668e+05
4900.0	1.640e+05
4920.0	1.613e+05
4940.0	1.586e+05
4960.0	1.561e+05
4980.0	1.535e+05
5000.0	1.510e+05
5050.0	1.478e+05
5100.0	1.423e+05
5150.0	1.371e+05
5200.0	1.320e+05
5250.0	1.272e+05
5300.0	1.226e+05
5350.0	1.183e+05
5400.0	1.141e+05
5450.0	1.100e+05
5500.0	1.063e+05
5550.0	1.026e+05
5600.0	9.909e+04
5650.0	9.576e+04
5700.0	9.252e+04
5750.0	8.947e+04
5800.0	8.651e+04
5850.0	8.369e+04
5900.0	8.096e+04
5950.0	7.837e+04
6000.0	7.588e+04
6050.0	7.347e+04
6100.0	7.116e+04
6150.0	6.894e+04
6200.0	6.682e+04
6250.0	6.478e+04
6300.0	6.279e+04
6350.0	6.094e+04
6400.0	5.909e+04
6450.0	5.738e+04
6500.0	5.567e+04
6550.0	5.401e+04
6600.0	5.243e+04
6650.0	5.096e+04
6700.0	4.948e+04
6750.0	4.809e+04
6800.0	4.675e+04
6850.0	4.543e+04
6900.0	4.417e+04
6950.0	4.296e+04
7000.0	4.178e+04
7050.0	4.064e+04
7100.0	3.955e+04
7150.0	3.849e+04
7200.0	3.746e+04
7250.0	3.647e+04
7300.0	3.552e+04
7350.0	3.459e+04
7400.0	3.369e+04
7450.0	3.283e+04
7500.0	3.199e+04
7550.0	3.118e+04
7600.0	3.039e+04
7650.0	2.963e+04
7700.0	2.889e+04
7750.0	2.818e+04
7800.0	2.748e+04
7850.0	2.681e+04
7900.0	2.616e+04
7950.0	2.553e+04
8000.0	2.492e+04
8050.0	2.433e+04
8100.0	2.375e+04
8150.0	2.319e+04
8200.0	2.265e+04
8250.0	2.212e+04
8300.0	2.161e+04
8350.0	2.111e+04
8400.0	2.063e+04
8450.0	2.016e+04
8500.0	1.971e+04
8550.0	1.926e+04
8600.0	1.883e+04
8650.0	1.842e+04
8700.0	1.801e+04
8750.0	1.761e+04
8800.0	1.723e+04
8850.0	1.686e+04
8900.0	1.649e+04
8950.0	1.614e+04
9000.0	1.580e+04
9050.0	1.546e+04
9100.0	1.513e+04
9150.0	1.482e+04
9200.0	1.451e+04
9250.0	1.421e+04
9300.0	1.392e+04
9350.0	1.363e+04
9400.0	1.335e+04
9450.0	1.308e+04
9500.0	1.281e+04
9550.0	1.256e+04
9600.0	1.230e+04
9650.0	1.206e+04
9700.0	1.182e+04
9750.0	1.159e+04
9800.0	1.136e+04
9850.0	1.114e+04
9900.0	1.093e+04
9950.0	1.071e+04
10000.0	1.051e+04
11000.0	7.121e+03
12000.0	5.017e+03
13000.0	3.633e+03
14000.0	2.696e+03
15000.0	2.043e+03
16000.0	1.573e+03
17000.0	1.233e+03
18000.0	9.803e+02
19000.0	7.884e+02
20000.0	6.404e+02
25000.0	2.635e+02
30000.0	1.276e+02
35000.0	6.880e+01
40000.0	4.055e+01
50000.0	1.668e+01
60000.0	8.059e+00
80000.0	2.561e+00
100000.0	1.054e+00
120000.0	5.096e-01
150000.0	2.095e-01
200000.0	6.663e-02
250000.0	2.735e-02
300000.0	1.285e-02
400000.0	4.399e-03
1000000.0	1.472e-04
