# WL(nm)	 Flux(ergs/cm**2/s/nm)
0.5	6.318e+03
1.5	3.382e+05
2.5	6.996e+03
3.5	1.165e+04
4.5	1.715e+04
5.5	2.132e+04
6.5	2.019e+04
7.5	1.440e+04
8.5	1.308e+04
9.5	7.639e+03
10.5	3.131e+03
11.5	1.555e+03
12.5	8.120e+02
13.5	9.054e+02
14.5	9.895e+03
15.5	7.565e+03
16.5	1.571e+04
17.5	2.316e+05
18.5	1.329e+05
19.5	9.423e+04
20.5	9.054e+04
21.5	4.351e+04
22.5	4.739e+04
23.5	1.057e+04
24.5	2.202e+04
25.5	5.424e+04
26.5	1.861e+04
27.5	3.919e+04
28.5	3.956e+04
29.5	2.023e+04
30.5	2.891e+05
31.5	5.502e+04
32.5	7.366e+04
33.5	7.241e+04
34.5	3.208e+04
35.5	2.743e+04
36.5	3.345e+04
37.5	5.756e+03
38.5	2.468e+03
39.5	2.427e+03
40.5	4.071e+03
41.5	7.532e+03
42.5	1.997e+03
43.5	4.582e+03
44.5	1.826e+03
45.5	2.008e+03
46.5	7.232e+03
47.5	2.882e+03
48.5	4.807e+03
49.5	1.650e+04
50.5	6.991e+03
51.5	2.390e+03
52.5	4.082e+03
53.5	3.103e+03
54.5	2.015e+03
55.5	9.009e+03
56.5	2.738e+03
57.5	2.716e+03
58.5	1.535e+04
59.5	3.236e+03
60.5	1.295e+04
61.5	4.052e+03
62.5	1.751e+04
63.5	4.411e+03
64.5	1.016e+03
65.5	7.973e+02
66.5	7.112e+02
67.5	7.283e+02
68.5	2.508e+03
69.5	1.853e+03
70.5	4.877e+03
71.5	2.130e+03
72.5	1.595e+03
73.5	2.079e+03
74.5	2.561e+03
75.5	3.917e+03
76.5	9.900e+03
77.5	8.972e+03
78.5	1.266e+04
79.5	5.947e+03
80.5	6.109e+03
81.5	6.942e+03
82.5	1.026e+04
83.5	1.751e+04
84.5	1.274e+04
85.5	1.418e+04
86.5	1.504e+04
87.5	1.790e+04
88.5	2.046e+04
89.5	2.488e+04
90.5	2.931e+04
91.5	2.243e+04
92.5	6.221e+03
93.5	5.454e+03
94.5	3.887e+03
95.5	2.254e+03
96.5	2.344e+03
97.5	4.195e+04
98.5	4.771e+03
99.5	7.357e+03
100.5	2.983e+03
101.5	3.447e+03
102.5	3.146e+04
103.5	3.249e+04
104.5	4.758e+03
105.5	4.026e+03
106.5	3.832e+03
107.5	4.068e+03
108.5	6.826e+03
109.5	4.593e+03
110.5	4.897e+03
111.5	4.493e+03
112.5	4.894e+03
113.5	3.823e+03
114.5	2.586e+03
115.5	4.250e+03
116.5	4.803e+03
117.5	2.043e+04
118.5	5.409e+03
119.5	1.798e+04
120.5	5.678e+03
121.5	2.733e+05
122.5	2.007e+03
123.5	1.424e+03
124.5	1.083e+03
125.5	1.026e+03
126.5	1.514e+03
127.5	7.950e+02
128.5	6.503e+02
129.5	7.651e+02
130.5	6.117e+03
131.5	9.981e+02
132.5	7.644e+02
133.5	7.280e+03
134.5	6.810e+02
135.5	1.554e+03
136.5	1.009e+03
137.5	1.073e+03
138.5	1.063e+03
139.5	3.119e+03
140.5	2.590e+03
141.5	1.526e+03
142.5	1.648e+03
143.5	1.921e+03
144.5	1.870e+03
145.5	2.010e+03
146.5	2.499e+03
147.5	3.103e+03
148.5	3.163e+03
149.5	2.852e+03
150.5	3.179e+03
151.5	3.437e+03
152.5	4.329e+03
153.5	4.811e+03
154.5	8.561e+03
155.5	7.073e+03
156.5	7.113e+03
157.5	6.430e+03
158.5	6.184e+03
159.5	6.180e+03
160.5	6.948e+03
161.5	8.146e+03
162.5	9.355e+03
163.5	1.026e+04
164.5	1.142e+04
165.5	1.782e+04
166.5	1.244e+04
167.5	1.468e+04
168.5	1.634e+04
169.5	2.140e+04
170.5	2.474e+04
171.5	2.483e+04
172.5	2.680e+04
173.5	2.691e+04
174.5	3.304e+04
175.5	4.070e+04
176.5	4.409e+04
177.5	5.319e+04
178.5	5.931e+04
179.5	5.800e+04
180.5	6.938e+04
181.5	8.350e+04
182.5	7.782e+04
183.5	8.321e+04
184.5	7.116e+04
185.5	8.139e+04
186.5	9.318e+04
187.5	1.081e+05
188.5	1.145e+05
189.5	1.291e+05
190.5	1.336e+05
191.5	1.468e+05
192.5	1.570e+05
193.5	1.189e+05
194.5	1.987e+05
195.5	1.937e+05
196.5	2.192e+05
197.5	2.223e+05
198.5	2.242e+05
199.5	2.434e+05
200.5	2.670e+05
201.5	2.971e+05
202.5	2.951e+05
203.5	3.400e+05
204.5	3.767e+05
205.5	3.901e+05
206.5	4.005e+05
207.5	4.672e+05
208.5	5.268e+05
209.5	7.571e+05
210.5	1.016e+06
211.5	1.240e+06
212.5	1.125e+06
213.5	1.074e+06
214.5	1.510e+06
215.5	1.233e+06
216.5	1.157e+06
217.5	1.142e+06
218.5	1.655e+06
219.5	1.704e+06
220.5	1.747e+06
221.5	1.213e+06
222.5	1.771e+06
223.5	2.330e+06
224.5	2.080e+06
225.5	1.832e+06
226.5	1.344e+06
227.5	1.291e+06
228.5	1.913e+06
229.5	1.648e+06
230.5	1.989e+06
231.5	1.653e+06
232.5	1.856e+06
233.5	1.537e+06
234.5	1.230e+06
235.5	2.000e+06
236.5	1.571e+06
237.5	1.903e+06
238.5	1.289e+06
239.5	1.562e+06
240.5	1.420e+06
241.5	1.707e+06
242.5	2.595e+06
243.5	2.298e+06
244.5	2.226e+06
245.5	1.715e+06
246.5	1.728e+06
247.5	2.013e+06
248.5	1.544e+06
249.5	1.984e+06
250.5	2.097e+06
251.5	1.578e+06
252.5	1.385e+06
253.5	1.810e+06
254.5	1.970e+06
255.5	2.846e+06
256.5	3.433e+06
257.5	4.289e+06
258.5	4.561e+06
259.5	3.756e+06
260.5	3.035e+06
261.5	2.991e+06
262.5	3.767e+06
263.5	5.491e+06
264.5	9.231e+06
265.5	9.297e+06
266.5	8.809e+06
267.5	9.093e+06
268.5	8.831e+06
269.5	8.146e+06
270.5	1.002e+07
271.5	8.248e+06
272.5	6.584e+06
273.5	7.571e+06
274.5	4.258e+06
275.5	6.227e+06
276.5	9.020e+06
277.5	8.838e+06
278.5	5.753e+06
279.5	2.632e+06
280.0	2.641e+06
280.5	3.443e+06
281.0	5.777e+06
281.5	8.110e+06
282.0	9.813e+06
282.5	1.058e+07
283.0	1.155e+07
283.5	1.085e+07
284.0	1.081e+07
284.5	8.459e+06
285.0	3.989e+06
285.5	4.635e+06
286.0	1.012e+07
286.5	1.206e+07
287.0	1.272e+07
287.5	1.273e+07
288.0	8.430e+06
288.5	1.208e+07
289.0	1.414e+07
289.5	1.653e+07
290.0	2.079e+07
290.5	2.175e+07
291.0	2.052e+07
291.5	2.027e+07
292.0	1.928e+07
292.5	1.671e+07
293.0	1.910e+07
293.5	1.939e+07
294.0	1.696e+07
294.5	1.829e+07
295.0	1.737e+07
295.5	1.960e+07
296.0	2.090e+07
296.5	1.658e+07
297.0	1.428e+07
297.5	2.011e+07
298.0	1.878e+07
298.5	1.275e+07
299.0	1.942e+07
299.5	1.755e+07
300.0	1.402e+07
300.5	1.478e+07
301.0	1.663e+07
301.5	1.782e+07
302.0	1.260e+07
302.5	1.830e+07
303.0	2.278e+07
303.5	2.318e+07
304.0	1.942e+07
304.5	2.182e+07
305.0	2.265e+07
305.5	2.062e+07
306.0	1.825e+07
306.5	1.971e+07
307.0	2.169e+07
307.5	2.193e+07
308.0	2.209e+07
308.5	2.290e+07
309.0	1.891e+07
309.5	1.728e+07
310.0	1.564e+07
310.5	2.405e+07
311.0	2.772e+07
311.5	2.573e+07
312.0	2.160e+07
312.5	2.345e+07
313.0	2.394e+07
313.5	2.441e+07
314.0	2.670e+07
314.5	1.995e+07
315.0	2.537e+07
315.5	2.289e+07
316.0	1.744e+07
316.5	2.231e+07
317.0	2.769e+07
317.5	2.962e+07
318.0	2.134e+07
318.5	2.295e+07
319.0	2.535e+07
319.5	2.299e+07
320.0	2.815e+07
320.5	3.055e+07
321.0	2.407e+07
321.5	2.272e+07
322.0	2.742e+07
322.5	2.361e+07
323.0	2.154e+07
323.5	2.299e+07
324.0	2.630e+07
324.5	2.782e+07
325.0	2.639e+07
325.5	3.168e+07
326.0	3.541e+07
326.5	3.355e+07
327.0	3.396e+07
327.5	3.352e+07
328.0	3.208e+07
328.5	3.074e+07
329.0	3.447e+07
329.5	3.834e+07
330.0	3.912e+07
330.5	3.274e+07
331.0	3.383e+07
331.5	3.304e+07
332.0	3.387e+07
332.5	3.272e+07
333.0	3.296e+07
333.5	3.085e+07
334.0	3.170e+07
334.5	3.501e+07
335.0	3.210e+07
335.5	3.609e+07
336.0	2.490e+07
336.5	3.046e+07
337.0	2.533e+07
337.5	3.162e+07
338.0	2.984e+07
338.5	3.334e+07
339.0	3.301e+07
339.5	3.157e+07
340.0	3.814e+07
340.5	3.420e+07
341.0	3.245e+07
341.5	2.989e+07
342.0	3.568e+07
342.5	3.334e+07
343.0	3.649e+07
343.5	3.423e+07
344.0	2.580e+07
344.5	2.530e+07
345.0	3.360e+07
345.5	3.427e+07
346.0	2.908e+07
346.5	3.288e+07
347.0	3.514e+07
347.5	2.833e+07
348.0	3.231e+07
348.5	3.229e+07
349.0	2.988e+07
349.5	2.949e+07
350.0	3.639e+07
350.5	3.831e+07
351.0	3.414e+07
351.5	3.301e+07
352.0	3.545e+07
352.5	2.763e+07
353.0	3.474e+07
353.5	3.710e+07
354.0	3.847e+07
354.5	3.898e+07
355.0	3.878e+07
355.5	3.494e+07
356.0	3.649e+07
356.5	3.112e+07
357.0	2.570e+07
357.5	3.144e+07
358.0	2.488e+07
358.5	2.124e+07
359.0	2.967e+07
359.5	3.777e+07
360.0	3.999e+07
360.5	3.192e+07
361.0	2.904e+07
361.5	3.331e+07
362.0	2.870e+07
362.5	3.959e+07
363.0	3.545e+07
363.5	3.256e+07
364.0	3.972e+07
364.5	3.390e+07
365.0	3.447e+07
365.5	4.318e+07
366.0	4.565e+07
366.5	4.278e+07
367.0	4.161e+07
367.5	4.312e+07
368.0	3.767e+07
368.5	3.794e+07
369.0	4.090e+07
369.5	4.353e+07
370.0	4.632e+07
370.5	3.588e+07
371.0	3.827e+07
371.5	4.784e+07
372.0	3.172e+07
372.5	3.797e+07
373.0	3.854e+07
373.5	2.503e+07
374.0	3.632e+07
374.5	3.002e+07
375.0	2.915e+07
375.5	4.349e+07
376.0	3.602e+07
376.5	3.730e+07
377.0	3.942e+07
377.5	4.605e+07
378.0	4.989e+07
378.5	4.712e+07
379.0	3.888e+07
379.5	3.551e+07
380.0	3.690e+07
380.5	4.460e+07
381.0	4.460e+07
381.5	3.528e+07
382.0	3.127e+07
382.5	2.659e+07
383.0	2.457e+07
383.5	2.363e+07
384.0	2.603e+07
384.5	3.824e+07
385.0	3.787e+07
385.5	3.521e+07
386.0	3.012e+07
386.5	3.949e+07
387.0	3.279e+07
387.5	3.679e+07
388.0	3.393e+07
388.5	3.349e+07
389.0	3.612e+07
389.5	4.369e+07
390.0	4.380e+07
390.5	4.026e+07
391.0	4.733e+07
391.5	4.824e+07
392.0	4.059e+07
392.5	3.629e+07
393.0	2.016e+07
393.5	1.463e+07
394.0	2.975e+07
394.5	3.777e+07
395.0	4.605e+07
395.5	4.676e+07
396.0	4.050e+07
396.5	2.363e+07
397.0	1.771e+07
397.5	3.599e+07
398.0	5.039e+07
398.5	5.204e+07
399.0	5.622e+07
399.5	5.598e+07
400.0	5.813e+07
401.0	5.955e+07
402.0	6.264e+07
403.0	5.935e+07
404.0	5.833e+07
405.0	5.823e+07
406.0	5.713e+07
407.0	5.605e+07
408.0	5.820e+07
409.0	6.217e+07
410.0	5.419e+07
411.0	5.857e+07
412.0	6.271e+07
413.0	6.113e+07
414.0	6.173e+07
415.0	6.173e+07
416.0	6.264e+07
417.0	6.103e+07
418.0	5.982e+07
419.0	6.049e+07
420.0	6.015e+07
421.0	6.281e+07
422.0	5.962e+07
423.0	5.813e+07
424.0	6.144e+07
425.0	6.120e+07
426.0	5.941e+07
427.0	5.823e+07
428.0	5.669e+07
429.0	5.352e+07
430.0	4.676e+07
431.0	4.635e+07
432.0	5.968e+07
433.0	5.992e+07
434.0	5.561e+07
435.0	5.807e+07
436.0	6.524e+07
437.0	6.416e+07
438.0	5.831e+07
439.0	6.042e+07
440.0	6.221e+07
441.0	6.430e+07
442.0	6.887e+07
443.0	6.716e+07
444.0	6.847e+07
445.0	6.702e+07
446.0	6.376e+07
447.0	6.874e+07
448.0	6.992e+07
449.0	6.992e+07
450.0	7.173e+07
451.0	7.433e+07
452.0	7.153e+07
453.0	6.719e+07
454.0	6.998e+07
455.0	7.039e+07
456.0	7.197e+07
457.0	7.309e+07
458.0	7.069e+07
459.0	7.022e+07
460.0	7.042e+07
461.0	7.197e+07
462.0	7.237e+07
463.0	7.190e+07
464.0	7.052e+07
465.0	6.944e+07
466.0	6.998e+07
467.0	6.877e+07
468.0	6.955e+07
469.0	6.988e+07
470.0	6.766e+07
471.0	6.753e+07
472.0	7.116e+07
473.0	7.025e+07
474.0	7.048e+07
475.0	7.123e+07
476.0	6.928e+07
477.0	6.958e+07
478.0	7.139e+07
479.0	7.079e+07
480.0	7.075e+07
481.0	7.187e+07
482.0	7.204e+07
483.0	7.096e+07
484.0	6.941e+07
485.0	6.604e+07
486.0	5.763e+07
487.0	6.029e+07
488.0	6.615e+07
489.0	6.642e+07
490.0	6.975e+07
491.0	6.843e+07
492.0	6.460e+07
493.0	6.668e+07
494.0	6.733e+07
495.0	6.786e+07
496.0	6.826e+07
497.0	6.931e+07
498.0	6.604e+07
499.0	6.692e+07
500.0	6.503e+07
501.0	6.393e+07
502.0	6.322e+07
503.0	6.601e+07
504.0	6.507e+07
505.0	6.675e+07
506.0	6.894e+07
507.0	6.557e+07
508.0	6.332e+07
509.0	6.493e+07
510.0	6.446e+07
511.0	6.604e+07
512.0	6.668e+07
513.0	6.308e+07
514.0	6.258e+07
515.0	6.194e+07
516.0	6.180e+07
517.0	5.487e+07
518.0	5.769e+07
519.0	6.053e+07
520.0	6.275e+07
521.0	6.335e+07
522.0	6.345e+07
523.0	6.234e+07
524.0	6.466e+07
525.0	6.557e+07
526.0	6.268e+07
527.0	5.918e+07
528.0	6.268e+07
529.0	6.615e+07
530.0	6.524e+07
531.0	6.625e+07
532.0	6.399e+07
533.0	6.211e+07
534.0	6.389e+07
535.0	6.520e+07
536.0	6.574e+07
537.0	6.308e+07
538.0	6.416e+07
539.0	6.362e+07
540.0	6.103e+07
541.0	6.163e+07
542.0	6.366e+07
543.0	6.281e+07
544.0	6.406e+07
545.0	6.382e+07
546.0	6.426e+07
547.0	6.409e+07
548.0	6.325e+07
549.0	6.339e+07
550.0	6.412e+07
551.0	6.332e+07
552.0	6.376e+07
553.0	6.264e+07
554.0	6.416e+07
555.0	6.433e+07
556.0	6.352e+07
557.0	6.160e+07
558.0	6.123e+07
559.0	6.019e+07
560.0	6.099e+07
561.0	6.187e+07
562.0	6.153e+07
563.0	6.335e+07
564.0	6.173e+07
565.0	6.130e+07
566.0	6.049e+07
567.0	6.177e+07
568.0	6.157e+07
569.0	6.082e+07
570.0	6.069e+07
571.0	6.012e+07
572.0	6.204e+07
573.0	6.278e+07
574.0	6.268e+07
575.0	6.167e+07
576.0	6.109e+07
577.0	6.171e+07
578.0	6.059e+07
579.0	6.053e+07
580.0	6.120e+07
581.0	6.117e+07
582.0	6.200e+07
583.0	6.190e+07
584.0	6.227e+07
585.0	6.066e+07
586.0	5.941e+07
587.0	6.093e+07
588.0	6.036e+07
589.0	5.541e+07
590.0	5.777e+07
591.0	5.999e+07
592.0	5.992e+07
593.0	6.005e+07
594.0	5.995e+07
595.0	5.898e+07
596.0	5.989e+07
597.0	5.948e+07
598.0	5.894e+07
599.0	5.877e+07
600.0	5.847e+07
601.0	5.773e+07
602.0	5.729e+07
603.0	5.813e+07
604.0	5.904e+07
605.0	5.867e+07
606.0	5.831e+07
607.0	5.874e+07
608.0	5.796e+07
609.0	5.796e+07
610.0	5.742e+07
611.0	5.766e+07
612.0	5.742e+07
613.0	5.665e+07
614.0	5.578e+07
615.0	5.689e+07
616.0	5.493e+07
617.0	5.477e+07
618.0	5.682e+07
619.0	5.622e+07
620.0	5.659e+07
621.0	5.675e+07
622.0	5.622e+07
623.0	5.547e+07
624.0	5.443e+07
625.0	5.429e+07
626.0	5.514e+07
627.0	5.605e+07
628.0	5.598e+07
629.0	5.598e+07
630.0	5.480e+07
631.0	5.483e+07
632.0	5.400e+07
633.0	5.514e+07
634.0	5.423e+07
635.0	5.491e+07
636.0	5.396e+07
637.0	5.470e+07
638.0	5.497e+07
639.0	5.423e+07
640.0	5.356e+07
641.0	5.342e+07
642.0	5.305e+07
643.0	5.376e+07
644.0	5.346e+07
645.0	5.362e+07
646.0	5.282e+07
647.0	5.309e+07
648.0	5.356e+07
649.0	5.251e+07
650.0	5.147e+07
651.0	5.338e+07
652.0	5.278e+07
653.0	5.271e+07
654.0	5.194e+07
655.0	5.079e+07
656.0	4.447e+07
657.0	4.565e+07
658.0	5.079e+07
659.0	5.093e+07
660.0	5.106e+07
661.0	5.140e+07
662.0	5.174e+07
663.0	5.063e+07
664.0	5.089e+07
665.0	5.070e+07
666.0	5.063e+07
667.0	5.046e+07
668.0	5.036e+07
669.0	5.106e+07
670.0	5.079e+07
671.0	5.073e+07
672.0	5.025e+07
673.0	5.097e+07
674.0	5.073e+07
675.0	5.022e+07
676.0	5.052e+07
677.0	4.998e+07
678.0	5.009e+07
679.0	4.925e+07
680.0	4.962e+07
681.0	4.928e+07
682.0	4.921e+07
683.0	4.911e+07
684.0	4.888e+07
685.0	4.925e+07
686.0	4.901e+07
687.0	4.962e+07
688.0	4.905e+07
689.0	4.894e+07
690.0	4.861e+07
691.0	4.824e+07
692.0	4.780e+07
693.0	4.787e+07
694.0	4.800e+07
695.0	4.800e+07
696.0	4.840e+07
697.0	4.820e+07
698.0	4.753e+07
699.0	4.817e+07
700.0	4.757e+07
701.0	4.747e+07
702.0	4.720e+07
703.0	4.739e+07
704.0	4.787e+07
705.0	4.793e+07
706.0	4.747e+07
707.0	4.736e+07
708.0	4.747e+07
709.0	4.699e+07
710.0	4.723e+07
711.0	4.699e+07
712.0	4.662e+07
713.0	4.635e+07
714.0	4.652e+07
715.0	4.565e+07
716.0	4.588e+07
717.0	4.652e+07
718.0	4.578e+07
719.0	4.494e+07
720.0	4.581e+07
721.0	4.531e+07
722.0	4.527e+07
723.0	4.568e+07
724.0	4.531e+07
725.0	4.500e+07
726.0	4.507e+07
727.0	4.538e+07
728.0	4.457e+07
729.0	4.366e+07
730.0	4.474e+07
731.0	4.440e+07
732.0	4.450e+07
733.0	4.436e+07
734.0	4.484e+07
735.0	4.420e+07
736.0	4.399e+07
737.0	4.434e+07
738.0	4.359e+07
739.0	4.285e+07
740.0	4.349e+07
741.0	4.278e+07
742.0	4.258e+07
743.0	4.359e+07
744.0	4.332e+07
745.0	4.322e+07
746.0	4.343e+07
747.0	4.349e+07
748.0	4.339e+07
749.0	4.289e+07
750.0	4.285e+07
751.0	4.241e+07
752.0	4.258e+07
753.0	4.278e+07
754.0	4.289e+07
755.0	4.265e+07
756.0	4.262e+07
757.0	4.268e+07
758.0	4.218e+07
759.0	4.204e+07
760.0	4.204e+07
761.0	4.191e+07
762.0	4.117e+07
763.0	4.194e+07
764.0	4.171e+07
765.0	4.127e+07
766.0	3.959e+07
767.0	4.094e+07
768.0	4.110e+07
769.0	4.070e+07
770.0	4.070e+07
771.0	4.043e+07
772.0	4.032e+07
773.0	4.056e+07
774.0	4.032e+07
775.0	3.999e+07
776.0	4.046e+07
777.0	3.992e+07
778.0	3.969e+07
779.0	3.972e+07
780.0	3.949e+07
781.0	3.952e+07
782.0	3.976e+07
783.0	3.905e+07
784.0	3.922e+07
785.0	3.898e+07
786.0	3.945e+07
787.0	3.928e+07
788.0	3.908e+07
789.0	3.928e+07
790.0	3.922e+07
791.0	3.868e+07
792.0	3.831e+07
793.0	3.781e+07
794.0	3.737e+07
795.0	3.824e+07
796.0	3.837e+07
797.0	3.834e+07
798.0	3.831e+07
799.0	3.834e+07
800.0	3.800e+07
801.0	3.810e+07
802.0	3.794e+07
803.0	3.777e+07
804.0	3.770e+07
805.0	3.723e+07
806.0	3.773e+07
807.0	3.743e+07
808.0	3.737e+07
809.0	3.706e+07
810.0	3.716e+07
811.0	3.754e+07
812.0	3.756e+07
813.0	3.764e+07
814.0	3.740e+07
815.0	3.719e+07
816.0	3.713e+07
817.0	3.700e+07
818.0	3.625e+07
819.0	3.605e+07
820.0	3.582e+07
821.0	3.578e+07
822.0	3.585e+07
823.0	3.622e+07
824.0	3.612e+07
825.0	3.602e+07
826.0	3.629e+07
827.0	3.622e+07
828.0	3.602e+07
829.0	3.578e+07
830.0	3.568e+07
831.0	3.548e+07
832.0	3.558e+07
833.0	3.447e+07
834.0	3.464e+07
835.0	3.518e+07
836.0	3.534e+07
837.0	3.518e+07
838.0	3.464e+07
839.0	3.454e+07
840.0	3.511e+07
841.0	3.491e+07
842.0	3.460e+07
843.0	3.420e+07
844.0	3.396e+07
845.0	3.477e+07
846.0	3.457e+07
847.0	3.379e+07
848.0	3.376e+07
849.0	3.282e+07
850.0	3.141e+07
851.0	3.346e+07
852.0	3.314e+07
853.0	3.173e+07
854.0	2.753e+07
855.0	3.006e+07
856.0	3.293e+07
857.0	3.354e+07
858.0	3.334e+07
859.0	3.331e+07
860.0	3.331e+07
861.0	3.315e+07
862.0	3.364e+07
863.0	3.443e+07
864.0	3.271e+07
865.0	3.240e+07
866.0	2.913e+07
867.0	3.040e+07
868.0	3.308e+07
869.0	3.239e+07
870.0	3.331e+07
871.0	3.285e+07
872.0	3.273e+07
873.0	3.267e+07
874.0	3.227e+07
875.0	3.162e+07
876.0	3.197e+07
877.0	3.227e+07
878.0	3.266e+07
879.0	3.215e+07
880.0	3.146e+07
881.0	3.107e+07
882.0	3.176e+07
883.0	3.181e+07
884.0	3.168e+07
885.0	3.191e+07
886.0	3.072e+07
887.0	3.083e+07
888.0	3.150e+07
889.0	3.151e+07
890.0	3.160e+07
891.0	3.136e+07
892.0	3.086e+07
893.0	3.067e+07
894.0	3.074e+07
895.0	3.063e+07
896.0	3.108e+07
897.0	3.061e+07
898.0	3.074e+07
899.0	3.065e+07
900.0	2.994e+07
901.0	2.892e+07
902.0	2.921e+07
903.0	3.032e+07
904.0	3.063e+07
905.0	3.054e+07
906.0	2.983e+07
907.0	3.007e+07
908.0	2.954e+07
909.0	2.895e+07
910.0	2.951e+07
911.0	2.936e+07
912.0	2.940e+07
913.0	3.004e+07
914.0	2.969e+07
915.0	2.945e+07
916.0	2.957e+07
917.0	2.916e+07
918.0	2.929e+07
919.0	2.940e+07
920.0	2.904e+07
921.0	2.831e+07
922.0	2.820e+07
923.0	2.743e+07
924.0	2.830e+07
925.0	2.829e+07
926.0	2.793e+07
927.0	2.882e+07
928.0	2.887e+07
929.0	2.848e+07
930.0	2.863e+07
931.0	2.863e+07
932.0	2.848e+07
933.0	2.859e+07
934.0	2.852e+07
935.0	2.818e+07
936.0	2.804e+07
937.0	2.824e+07
938.0	2.822e+07
939.0	2.801e+07
940.0	2.769e+07
941.0	2.667e+07
942.0	2.723e+07
943.0	2.756e+07
944.0	2.720e+07
945.0	2.747e+07
946.0	2.756e+07
947.0	2.763e+07
948.0	2.765e+07
949.0	2.763e+07
950.0	2.743e+07
951.0	2.729e+07
952.0	2.731e+07
953.0	2.706e+07
954.0	2.623e+07
955.0	2.579e+07
956.0	2.688e+07
957.0	2.667e+07
958.0	2.696e+07
959.0	2.699e+07
960.0	2.660e+07
961.0	2.673e+07
962.0	2.650e+07
963.0	2.637e+07
964.0	2.636e+07
965.0	2.626e+07
966.0	2.604e+07
967.0	2.627e+07
968.0	2.623e+07
969.0	2.622e+07
970.0	2.619e+07
971.0	2.611e+07
972.0	2.617e+07
973.0	2.589e+07
974.0	2.557e+07
975.0	2.589e+07
976.0	2.574e+07
977.0	2.568e+07
978.0	2.565e+07
979.0	2.543e+07
980.0	2.556e+07
981.0	2.570e+07
982.0	2.561e+07
983.0	2.543e+07
984.0	2.539e+07
985.0	2.541e+07
986.0	2.523e+07
987.0	2.517e+07
988.0	2.521e+07
989.0	2.481e+07
990.0	2.492e+07
991.0	2.496e+07
992.0	2.504e+07
993.0	2.497e+07
994.0	2.497e+07
995.0	2.486e+07
996.0	2.484e+07
997.0	2.483e+07
998.0	2.474e+07
999.0	2.463e+07
1000.0	2.460e+07
1001.0	2.474e+07
1002.0	2.464e+07
1003.0	2.434e+07
1004.0	2.390e+07
1005.0	2.282e+07
1006.0	2.383e+07
1007.0	2.426e+07
1008.0	2.425e+07
1009.0	2.424e+07
1010.0	2.420e+07
1011.0	2.413e+07
1012.0	2.404e+07
1013.0	2.404e+07
1014.0	2.387e+07
1015.0	2.373e+07
1016.0	2.364e+07
1017.0	2.372e+07
1018.0	2.356e+07
1019.0	2.327e+07
1020.0	2.347e+07
1021.0	2.340e+07
1022.0	2.330e+07
1023.0	2.357e+07
1024.0	2.349e+07
1025.0	2.346e+07
1026.0	2.342e+07
1027.0	2.336e+07
1028.0	2.333e+07
1029.0	2.307e+07
1030.0	2.314e+07
1031.0	2.309e+07
1032.0	2.300e+07
1033.0	2.266e+07
1034.0	2.265e+07
1035.0	2.272e+07
1036.0	2.286e+07
1037.0	2.248e+07
1038.0	2.259e+07
1039.0	2.259e+07
1040.0	2.250e+07
1041.0	2.260e+07
1042.0	2.245e+07
1043.0	2.239e+07
1044.0	2.248e+07
1045.0	2.219e+07
1046.0	2.196e+07
1047.0	2.217e+07
1048.0	2.231e+07
1049.0	2.224e+07
1050.0	2.216e+07
1051.0	2.215e+07
1052.0	2.208e+07
1053.0	2.193e+07
1054.0	2.200e+07
1055.0	2.204e+07
1056.0	2.200e+07
1057.0	2.196e+07
1058.0	2.145e+07
1059.0	2.151e+07
1060.0	2.149e+07
1061.0	2.148e+07
1062.0	2.163e+07
1063.0	2.144e+07
1064.0	2.169e+07
1065.0	2.161e+07
1066.0	2.112e+07
1067.0	2.141e+07
1068.0	2.100e+07
1069.0	2.032e+07
1070.0	2.108e+07
1071.0	2.120e+07
1072.0	2.111e+07
1073.0	2.076e+07
1074.0	2.109e+07
1075.0	2.064e+07
1076.0	2.111e+07
1077.0	2.110e+07
1078.0	2.079e+07
1079.0	2.068e+07
1080.0	2.097e+07
1081.0	2.039e+07
1082.0	2.021e+07
1083.0	2.018e+07
1084.0	2.067e+07
1085.0	2.079e+07
1086.0	2.054e+07
1087.0	1.984e+07
1088.0	2.027e+07
1089.0	2.025e+07
1090.0	2.052e+07
1091.0	2.041e+07
1092.0	2.022e+07
1093.0	1.956e+07
1094.0	1.875e+07
1095.0	1.964e+07
1096.0	1.963e+07
1097.0	1.966e+07
1098.0	1.939e+07
1099.0	1.983e+07
1100.0	1.995e+07
1101.0	1.969e+07
1102.0	1.943e+07
1103.0	1.981e+07
1104.0	1.974e+07
1105.0	1.974e+07
1106.0	1.968e+07
1107.0	1.961e+07
1108.0	1.961e+07
1109.0	1.960e+07
1110.0	1.960e+07
1111.0	1.945e+07
1112.0	1.932e+07
1113.0	1.927e+07
1114.0	1.944e+07
1115.0	1.928e+07
1116.0	1.929e+07
1117.0	1.938e+07
1118.0	1.920e+07
1119.0	1.894e+07
1120.0	1.894e+07
1121.0	1.907e+07
1122.0	1.914e+07
1123.0	1.911e+07
1124.0	1.897e+07
1125.0	1.845e+07
1126.0	1.863e+07
1127.0	1.878e+07
1128.0	1.871e+07
1129.0	1.851e+07
1130.0	1.854e+07
1131.0	1.864e+07
1132.0	1.864e+07
1133.0	1.834e+07
1134.0	1.852e+07
1135.0	1.853e+07
1136.0	1.855e+07
1137.0	1.836e+07
1138.0	1.812e+07
1139.0	1.819e+07
1140.0	1.804e+07
1141.0	1.807e+07
1142.0	1.813e+07
1143.0	1.818e+07
1144.0	1.801e+07
1145.0	1.816e+07
1146.0	1.829e+07
1147.0	1.824e+07
1148.0	1.812e+07
1149.0	1.808e+07
1150.0	1.803e+07
1151.0	1.803e+07
1152.0	1.788e+07
1153.0	1.798e+07
1154.0	1.801e+07
1155.0	1.791e+07
1156.0	1.786e+07
1157.0	1.786e+07
1158.0	1.781e+07
1159.0	1.740e+07
1160.0	1.744e+07
1161.0	1.712e+07
1162.0	1.757e+07
1163.0	1.756e+07
1164.0	1.733e+07
1165.0	1.742e+07
1166.0	1.728e+07
1167.0	1.740e+07
1168.0	1.743e+07
1169.0	1.705e+07
1170.0	1.737e+07
1171.0	1.742e+07
1172.0	1.737e+07
1173.0	1.736e+07
1174.0	1.728e+07
1175.0	1.679e+07
1176.0	1.707e+07
1177.0	1.707e+07
1178.0	1.687e+07
1179.0	1.712e+07
1180.0	1.716e+07
1181.0	1.704e+07
1182.0	1.683e+07
1183.0	1.634e+07
1184.0	1.682e+07
1185.0	1.698e+07
1186.0	1.694e+07
1187.0	1.693e+07
1188.0	1.631e+07
1189.0	1.629e+07
1190.0	1.677e+07
1191.0	1.687e+07
1192.0	1.678e+07
1193.0	1.677e+07
1194.0	1.674e+07
1195.0	1.653e+07
1196.0	1.655e+07
1197.0	1.614e+07
1198.0	1.597e+07
1199.0	1.579e+07
1200.0	1.645e+07
1201.0	1.652e+07
1202.0	1.642e+07
1203.0	1.574e+07
1204.0	1.612e+07
1205.0	1.631e+07
1206.0	1.633e+07
1207.0	1.630e+07
1208.0	1.547e+07
1209.0	1.578e+07
1210.0	1.586e+07
1211.0	1.592e+07
1212.0	1.611e+07
1213.0	1.610e+07
1214.0	1.610e+07
1215.0	1.609e+07
1216.0	1.607e+07
1217.0	1.602e+07
1218.0	1.596e+07
1219.0	1.589e+07
1220.0	1.594e+07
1221.0	1.588e+07
1222.0	1.581e+07
1223.0	1.576e+07
1224.0	1.580e+07
1225.0	1.575e+07
1226.0	1.569e+07
1227.0	1.538e+07
1228.0	1.562e+07
1229.0	1.566e+07
1230.0	1.557e+07
1231.0	1.552e+07
1232.0	1.545e+07
1233.0	1.548e+07
1234.0	1.540e+07
1235.0	1.538e+07
1236.0	1.543e+07
1237.0	1.540e+07
1238.0	1.538e+07
1239.0	1.518e+07
1240.0	1.522e+07
1241.0	1.527e+07
1242.0	1.512e+07
1243.0	1.499e+07
1244.0	1.514e+07
1245.0	1.518e+07
1246.0	1.508e+07
1247.0	1.506e+07
1248.0	1.513e+07
1249.0	1.511e+07
1250.0	1.506e+07
1251.0	1.495e+07
1252.0	1.484e+07
1253.0	1.492e+07
1254.0	1.492e+07
1255.0	1.488e+07
1256.0	1.482e+07
1257.0	1.481e+07
1258.0	1.481e+07
1259.0	1.484e+07
1260.0	1.484e+07
1261.0	1.476e+07
1262.0	1.473e+07
1263.0	1.478e+07
1264.0	1.464e+07
1265.0	1.467e+07
1266.0	1.469e+07
1267.0	1.455e+07
1268.0	1.445e+07
1269.0	1.460e+07
1270.0	1.465e+07
1271.0	1.461e+07
1272.0	1.457e+07
1273.0	1.451e+07
1274.0	1.445e+07
1275.0	1.451e+07
1276.0	1.450e+07
1277.0	1.447e+07
1278.0	1.441e+07
1279.0	1.429e+07
1280.0	1.411e+07
1281.0	1.332e+07
1282.0	1.262e+07
1283.0	1.364e+07
1284.0	1.401e+07
1285.0	1.408e+07
1286.0	1.414e+07
1287.0	1.417e+07
1288.0	1.411e+07
1289.0	1.411e+07
1290.0	1.393e+07
1291.0	1.404e+07
1292.0	1.410e+07
1293.0	1.402e+07
1294.0	1.399e+07
1295.0	1.405e+07
1296.0	1.405e+07
1297.0	1.393e+07
1298.0	1.391e+07
1299.0	1.398e+07
1300.0	1.393e+07
1301.0	1.385e+07
1302.0	1.378e+07
1303.0	1.368e+07
1304.0	1.372e+07
1305.0	1.380e+07
1306.0	1.379e+07
1307.0	1.371e+07
1308.0	1.369e+07
1309.0	1.369e+07
1310.0	1.360e+07
1311.0	1.359e+07
1312.0	1.322e+07
1313.0	1.334e+07
1314.0	1.345e+07
1315.0	1.305e+07
1316.0	1.337e+07
1317.0	1.342e+07
1318.0	1.337e+07
1319.0	1.347e+07
1320.0	1.340e+07
1321.0	1.332e+07
1322.0	1.334e+07
1323.0	1.334e+07
1324.0	1.334e+07
1325.0	1.329e+07
1326.0	1.321e+07
1327.0	1.319e+07
1328.0	1.307e+07
1329.0	1.291e+07
1330.0	1.310e+07
1331.0	1.307e+07
1332.0	1.293e+07
1333.0	1.313e+07
1334.0	1.315e+07
1335.0	1.306e+07
1336.0	1.308e+07
1337.0	1.302e+07
1338.0	1.295e+07
1339.0	1.275e+07
1340.0	1.289e+07
1341.0	1.291e+07
1342.0	1.291e+07
1343.0	1.289e+07
1344.0	1.293e+07
1345.0	1.286e+07
1346.0	1.280e+07
1347.0	1.283e+07
1348.0	1.282e+07
1349.0	1.273e+07
1350.0	1.262e+07
1351.0	1.271e+07
1352.0	1.276e+07
1353.0	1.271e+07
1354.0	1.263e+07
1355.0	1.251e+07
1356.0	1.245e+07
1357.0	1.247e+07
1358.0	1.257e+07
1359.0	1.244e+07
1360.0	1.245e+07
1361.0	1.255e+07
1362.0	1.241e+07
1363.0	1.235e+07
1364.0	1.241e+07
1365.0	1.243e+07
1366.0	1.235e+07
1367.0	1.232e+07
1368.0	1.227e+07
1369.0	1.219e+07
1370.0	1.218e+07
1371.0	1.221e+07
1372.0	1.230e+07
1373.0	1.230e+07
1374.0	1.219e+07
1375.0	1.209e+07
1376.0	1.204e+07
1377.0	1.214e+07
1378.0	1.216e+07
1379.0	1.218e+07
1380.0	1.213e+07
1381.0	1.209e+07
1382.0	1.199e+07
1383.0	1.204e+07
1384.0	1.206e+07
1385.0	1.200e+07
1386.0	1.200e+07
1387.0	1.198e+07
1388.0	1.202e+07
1389.0	1.195e+07
1390.0	1.188e+07
1391.0	1.196e+07
1392.0	1.192e+07
1393.0	1.187e+07
1394.0	1.182e+07
1395.0	1.180e+07
1396.0	1.184e+07
1397.0	1.185e+07
1398.0	1.184e+07
1399.0	1.171e+07
1400.0	1.155e+07
1401.0	1.163e+07
1402.0	1.169e+07
1403.0	1.160e+07
1404.0	1.161e+07
1405.0	1.163e+07
1406.0	1.160e+07
1407.0	1.160e+07
1408.0	1.160e+07
1409.0	1.162e+07
1410.0	1.156e+07
1411.0	1.132e+07
1412.0	1.133e+07
1413.0	1.139e+07
1414.0	1.144e+07
1415.0	1.147e+07
1416.0	1.140e+07
1417.0	1.147e+07
1418.0	1.142e+07
1419.0	1.133e+07
1420.0	1.133e+07
1421.0	1.123e+07
1422.0	1.115e+07
1423.0	1.117e+07
1424.0	1.117e+07
1425.0	1.111e+07
1426.0	1.104e+07
1427.0	1.109e+07
1428.0	1.112e+07
1429.0	1.093e+07
1430.0	1.107e+07
1431.0	1.108e+07
1432.0	1.125e+07
1433.0	1.114e+07
1434.0	1.111e+07
1435.0	1.115e+07
1436.0	1.112e+07
1437.0	1.113e+07
1438.0	1.112e+07
1439.0	1.101e+07
1440.0	1.058e+07
1441.0	1.085e+07
1442.0	1.072e+07
1443.0	1.083e+07
1444.0	1.079e+07
1445.0	1.093e+07
1446.0	1.085e+07
1447.0	1.085e+07
1448.0	1.091e+07
1449.0	1.088e+07
1450.0	1.073e+07
1451.0	1.061e+07
1452.0	1.072e+07
1453.0	1.070e+07
1454.0	1.059e+07
1455.0	1.057e+07
1456.0	1.061e+07
1457.0	1.067e+07
1458.0	1.076e+07
1459.0	1.072e+07
1460.0	1.065e+07
1461.0	1.061e+07
1462.0	1.053e+07
1463.0	1.048e+07
1464.0	1.055e+07
1465.0	1.048e+07
1466.0	1.056e+07
1467.0	1.053e+07
1468.0	1.049e+07
1469.0	1.056e+07
1470.0	1.038e+07
1471.0	1.037e+07
1472.0	1.032e+07
1473.0	1.021e+07
1474.0	1.019e+07
1475.0	1.022e+07
1476.0	1.026e+07
1477.0	1.021e+07
1478.0	1.021e+07
1479.0	1.035e+07
1480.0	1.029e+07
1481.0	1.025e+07
1482.0	1.023e+07
1483.0	1.014e+07
1484.0	1.028e+07
1485.0	1.030e+07
1486.0	1.017e+07
1487.0	9.748e+06
1488.0	9.398e+06
1489.0	1.013e+07
1490.0	1.018e+07
1491.0	1.014e+07
1492.0	1.013e+07
1493.0	1.019e+07
1494.0	1.021e+07
1495.0	1.003e+07
1496.0	9.886e+06
1497.0	1.001e+07
1498.0	1.002e+07
1499.0	1.002e+07
1500.0	1.008e+07
1501.0	1.002e+07
1502.0	9.508e+06
1503.0	9.369e+06
1504.0	9.238e+06
1505.0	9.231e+06
1506.0	9.668e+06
1507.0	9.813e+06
1508.0	9.661e+06
1509.0	9.799e+06
1510.0	9.886e+06
1511.0	9.850e+06
1512.0	9.668e+06
1513.0	9.646e+06
1514.0	9.653e+06
1515.0	9.704e+06
1516.0	9.617e+06
1517.0	9.668e+06
1518.0	9.675e+06
1519.0	9.653e+06
1520.0	9.602e+06
1521.0	9.471e+06
1522.0	9.464e+06
1523.0	9.551e+06
1524.0	9.479e+06
1525.0	9.500e+06
1526.0	9.573e+06
1527.0	9.573e+06
1528.0	9.544e+06
1529.0	9.275e+06
1530.0	9.209e+06
1531.0	9.464e+06
1532.0	9.428e+06
1533.0	9.333e+06
1534.0	9.253e+06
1535.0	9.355e+06
1536.0	9.398e+06
1537.0	9.311e+06
1538.0	9.216e+06
1539.0	9.151e+06
1540.0	9.071e+06
1541.0	9.173e+06
1542.0	9.195e+06
1543.0	9.253e+06
1544.0	9.267e+06
1545.0	9.282e+06
1546.0	9.224e+06
1547.0	9.027e+06
1548.0	9.020e+06
1549.0	9.056e+06
1550.0	9.013e+06
1551.0	9.100e+06
1552.0	9.115e+06
1553.0	8.954e+06
1554.0	8.903e+06
1555.0	8.903e+06
1556.0	8.903e+06
1557.0	8.998e+06
1558.0	8.954e+06
1559.0	8.903e+06
1560.0	8.969e+06
1561.0	9.027e+06
1562.0	8.954e+06
1563.0	8.860e+06
1564.0	8.911e+06
1565.0	8.889e+06
1566.0	8.794e+06
1567.0	8.794e+06
1568.0	8.721e+06
1569.0	8.736e+06
1570.0	8.816e+06
1571.0	8.889e+06
1572.0	8.831e+06
1573.0	8.787e+06
1574.0	8.496e+06
1575.0	8.408e+06
1576.0	8.328e+06
1577.0	8.139e+06
1578.0	8.569e+06
1579.0	8.707e+06
1580.0	8.751e+06
1581.0	8.620e+06
1582.0	8.423e+06
1583.0	8.488e+06
1584.0	8.532e+06
1585.0	8.598e+06
1586.0	8.525e+06
1587.0	8.379e+06
1588.0	8.059e+06
1589.0	7.804e+06
1590.0	8.008e+06
1591.0	8.190e+06
1592.0	8.488e+06
1593.0	8.561e+06
1594.0	8.590e+06
1595.0	8.445e+06
1596.0	8.212e+06
1597.0	8.467e+06
1598.0	8.510e+06
1599.0	8.416e+06
1600.0	8.336e+06
1601.0	8.241e+06
1602.0	8.299e+06
1603.0	8.328e+06
1604.0	8.270e+06
1605.0	8.263e+06
1606.0	8.168e+06
1607.0	8.241e+06
1608.0	8.277e+06
1609.0	8.030e+06
1610.0	7.862e+06
1611.0	8.008e+06
1612.0	8.081e+06
1613.0	8.132e+06
1614.0	8.110e+06
1615.0	7.921e+06
1616.0	7.797e+06
1617.0	7.979e+06
1618.0	8.088e+06
1619.0	7.986e+06
1620.0	7.760e+06
1621.0	7.870e+06
1622.0	7.993e+06
1623.0	8.103e+06
1624.0	8.037e+06
1625.0	8.001e+06
1626.0	8.030e+06
1627.0	8.081e+06
1628.0	8.081e+06
1629.0	7.986e+06
1630.0	7.957e+06
1631.0	7.964e+06
1632.0	7.921e+06
1633.0	7.790e+06
1634.0	7.833e+06
1635.0	7.877e+06
1636.0	7.710e+06
1637.0	7.578e+06
1638.0	7.396e+06
1639.0	7.426e+06
1640.0	7.447e+06
1641.0	7.404e+06
1642.0	7.484e+06
1643.0	7.520e+06
1644.0	7.462e+06
1645.0	7.520e+06
1646.0	7.593e+06
1647.0	7.593e+06
1648.0	7.535e+06
1649.0	7.506e+06
1650.0	7.528e+06
1651.0	7.513e+06
1652.0	7.549e+06
1653.0	7.549e+06
1654.0	7.528e+06
1655.0	7.542e+06
1656.0	7.578e+06
1657.0	7.564e+06
1658.0	7.528e+06
1659.0	7.506e+06
1660.0	7.564e+06
1661.0	7.564e+06
1662.0	7.506e+06
1663.0	7.469e+06
1664.0	7.447e+06
1665.0	7.382e+06
1666.0	7.360e+06
1667.0	7.316e+06
1668.0	7.244e+06
1669.0	7.346e+06
1670.0	7.375e+06
1671.0	7.234e+06
1672.0	7.086e+06
1673.0	7.217e+06
1674.0	7.210e+06
1675.0	7.069e+06
1676.0	7.083e+06
1677.0	7.137e+06
1678.0	7.079e+06
1679.0	6.944e+06
1680.0	6.699e+06
1681.0	6.635e+06
1682.0	6.813e+06
1683.0	6.965e+06
1684.0	7.042e+06
1685.0	7.046e+06
1686.0	7.032e+06
1687.0	7.032e+06
1688.0	7.022e+06
1689.0	6.951e+06
1690.0	7.029e+06
1691.0	7.069e+06
1692.0	7.075e+06
1693.0	7.062e+06
1694.0	7.046e+06
1695.0	7.029e+06
1696.0	7.005e+06
1697.0	6.995e+06
1698.0	6.988e+06
1699.0	6.934e+06
1700.0	6.877e+06
1701.0	6.864e+06
1702.0	6.820e+06
1703.0	6.806e+06
1704.0	6.877e+06
1705.0	6.826e+06
1710.0	6.668e+06
1715.0	6.709e+06
1720.0	6.594e+06
1725.0	6.507e+06
1730.0	6.433e+06
1735.0	6.106e+06
1740.0	6.221e+06
1745.0	6.251e+06
1750.0	6.204e+06
1755.0	6.200e+06
1760.0	6.113e+06
1765.0	6.049e+06
1770.0	6.002e+06
1775.0	5.918e+06
1780.0	5.840e+06
1785.0	5.810e+06
1790.0	5.793e+06
1795.0	5.726e+06
1800.0	5.662e+06
1805.0	5.615e+06
1810.0	5.568e+06
1815.0	5.329e+06
1820.0	5.234e+06
1825.0	5.383e+06
1830.0	5.359e+06
1835.0	5.305e+06
1840.0	5.234e+06
1845.0	5.151e+06
1850.0	5.160e+06
1855.0	5.116e+06
1860.0	5.049e+06
1865.0	4.979e+06
1870.0	4.898e+06
1875.0	4.538e+06
1880.0	4.793e+06
1885.0	4.817e+06
1890.0	4.743e+06
1895.0	4.639e+06
1900.0	4.672e+06
1905.0	4.649e+06
1910.0	4.598e+06
1915.0	4.568e+06
1920.0	4.514e+06
1925.0	4.490e+06
1930.0	4.386e+06
1935.0	4.383e+06
1940.0	4.282e+06
1945.0	4.050e+06
1950.0	4.194e+06
1955.0	4.265e+06
1960.0	4.211e+06
1965.0	4.140e+06
1970.0	4.123e+06
1975.0	4.053e+06
1980.0	4.009e+06
1985.0	3.982e+06
1990.0	3.979e+06
1995.0	3.912e+06
2000.0	3.901e+06
2005.0	3.861e+06
2010.0	3.851e+06
2015.0	3.817e+06
2020.0	3.750e+06
2025.0	3.730e+06
2030.0	3.673e+06
2035.0	3.639e+06
2040.0	3.622e+06
2045.0	3.625e+06
2050.0	3.582e+06
2055.0	3.545e+06
2060.0	3.491e+06
2065.0	3.464e+06
2070.0	3.443e+06
2075.0	3.441e+06
2080.0	3.387e+06
2085.0	3.357e+06
2090.0	3.324e+06
2095.0	3.275e+06
2100.0	3.280e+06
2105.0	3.260e+06
2110.0	3.222e+06
2115.0	3.194e+06
2120.0	3.154e+06
2125.0	3.125e+06
2130.0	3.123e+06
2135.0	3.085e+06
2140.0	3.077e+06
2145.0	3.050e+06
2150.0	3.032e+06
2155.0	3.003e+06
2160.0	2.955e+06
2165.0	2.784e+06
2170.0	2.864e+06
2175.0	2.882e+06
2180.0	2.858e+06
2185.0	2.847e+06
2190.0	2.814e+06
2195.0	2.806e+06
2200.0	2.780e+06
2205.0	2.716e+06
2210.0	2.709e+06
2215.0	2.699e+06
2220.0	2.683e+06
2225.0	2.648e+06
2230.0	2.635e+06
2235.0	2.613e+06
2240.0	2.577e+06
2245.0	2.564e+06
2250.0	2.539e+06
2255.0	2.510e+06
2260.0	2.496e+06
2265.0	2.473e+06
2270.0	2.464e+06
2275.0	2.445e+06
2280.0	2.404e+06
2285.0	2.391e+06
2290.0	2.378e+06
2295.0	2.326e+06
2300.0	2.329e+06
2305.0	2.322e+06
2310.0	2.303e+06
2315.0	2.276e+06
2320.0	2.246e+06
2325.0	2.199e+06
2330.0	2.209e+06
2335.0	2.191e+06
2340.0	2.184e+06
2345.0	2.175e+06
2350.0	2.138e+06
2355.0	2.094e+06
2360.0	2.102e+06
2365.0	2.097e+06
2370.0	2.073e+06
2375.0	2.049e+06
2380.0	2.038e+06
2385.0	1.971e+06
2390.0	1.988e+06
2395.0	1.981e+06
2400.0	1.969e+06
2405.0	1.957e+06
2410.0	1.942e+06
2415.0	1.884e+06
2420.0	1.893e+06
2425.0	1.886e+06
2430.0	1.878e+06
2435.0	1.856e+06
2440.0	1.852e+06
2445.0	1.827e+06
2450.0	1.797e+06
2455.0	1.783e+06
2460.0	1.788e+06
2465.0	1.784e+06
2470.0	1.756e+06
2475.0	1.753e+06
2480.0	1.717e+06
2485.0	1.705e+06
2490.0	1.709e+06
2495.0	1.700e+06
2500.0	1.695e+06
2505.0	1.682e+06
2510.0	1.655e+06
2515.0	1.647e+06
2520.0	1.643e+06
2525.0	1.634e+06
2530.0	1.624e+06
2535.0	1.609e+06
2540.0	1.582e+06
2545.0	1.577e+06
2550.0	1.567e+06
2555.0	1.555e+06
2560.0	1.544e+06
2565.0	1.534e+06
2570.0	1.527e+06
2575.0	1.524e+06
2580.0	1.506e+06
2585.0	1.469e+06
2590.0	1.483e+06
2595.0	1.473e+06
2600.0	1.465e+06
2605.0	1.459e+06
2610.0	1.447e+06
2615.0	1.433e+06
2620.0	1.406e+06
2625.0	1.341e+06
2630.0	1.380e+06
2635.0	1.394e+06
2640.0	1.366e+06
2645.0	1.370e+06
2650.0	1.365e+06
2655.0	1.348e+06
2660.0	1.345e+06
2665.0	1.318e+06
2670.0	1.327e+06
2675.0	1.315e+06
2680.0	1.313e+06
2685.0	1.307e+06
2690.0	1.297e+06
2695.0	1.287e+06
2700.0	1.281e+06
2705.0	1.271e+06
2710.0	1.261e+06
2715.0	1.254e+06
2720.0	1.246e+06
2725.0	1.235e+06
2730.0	1.229e+06
2735.0	1.222e+06
2740.0	1.211e+06
2745.0	1.206e+06
2750.0	1.196e+06
2755.0	1.179e+06
2760.0	1.165e+06
2765.0	1.166e+06
2770.0	1.163e+06
2775.0	1.153e+06
2780.0	1.147e+06
2785.0	1.140e+06
2790.0	1.136e+06
2795.0	1.128e+06
2800.0	1.119e+06
2805.0	1.112e+06
2810.0	1.107e+06
2815.0	1.099e+06
2820.0	1.091e+06
2825.0	1.083e+06
2830.0	1.077e+06
2835.0	1.071e+06
2840.0	1.060e+06
2845.0	1.055e+06
2850.0	1.047e+06
2855.0	1.041e+06
2860.0	1.034e+06
2865.0	1.026e+06
2870.0	1.008e+06
2875.0	1.002e+06
2880.0	1.006e+06
2885.0	1.001e+06
2890.0	9.937e+05
2895.0	9.886e+05
2900.0	9.821e+05
2905.0	9.755e+05
2910.0	9.704e+05
2915.0	9.631e+05
2920.0	9.573e+05
2925.0	9.471e+05
2930.0	9.435e+05
2935.0	9.391e+05
2940.0	9.326e+05
2945.0	9.246e+05
2950.0	9.202e+05
2955.0	9.151e+05
2960.0	9.100e+05
2965.0	9.049e+05
2970.0	8.991e+05
2975.0	8.940e+05
2980.0	8.867e+05
2985.0	8.816e+05
2990.0	8.758e+05
2995.0	8.685e+05
3000.0	8.620e+05
3005.0	8.598e+05
3010.0	8.547e+05
3015.0	8.488e+05
3020.0	8.430e+05
3025.0	8.379e+05
3030.0	8.314e+05
3035.0	8.190e+05
3040.0	8.052e+05
3045.0	8.132e+05
3050.0	8.124e+05
3055.0	8.066e+05
3060.0	8.023e+05
3065.0	7.950e+05
3070.0	7.913e+05
3075.0	7.884e+05
3080.0	7.826e+05
3085.0	7.760e+05
3090.0	7.731e+05
3095.0	7.680e+05
3100.0	7.629e+05
3105.0	7.600e+05
3110.0	7.542e+05
3115.0	7.411e+05
3120.0	7.433e+05
3125.0	7.411e+05
3130.0	7.367e+05
3135.0	7.331e+05
3140.0	7.280e+05
3145.0	7.237e+05
3150.0	7.153e+05
3155.0	7.133e+05
3160.0	7.110e+05
3165.0	7.052e+05
3170.0	6.998e+05
3175.0	6.985e+05
3180.0	6.928e+05
3185.0	6.897e+05
3190.0	6.864e+05
3195.0	6.824e+05
3200.0	6.759e+05
3205.0	6.735e+05
3210.0	6.702e+05
3215.0	6.648e+05
3220.0	6.621e+05
3225.0	6.577e+05
3230.0	6.540e+05
3235.0	6.493e+05
3240.0	6.449e+05
3245.0	6.409e+05
3250.0	6.395e+05
3255.0	6.349e+05
3260.0	6.308e+05
3265.0	6.271e+05
3270.0	6.241e+05
3275.0	6.197e+05
3280.0	6.150e+05
3285.0	6.113e+05
3290.0	6.059e+05
3295.0	5.935e+05
3300.0	5.924e+05
3305.0	5.972e+05
3310.0	5.951e+05
3315.0	5.894e+05
3320.0	5.793e+05
3325.0	5.831e+05
3330.0	5.820e+05
3335.0	5.783e+05
3340.0	5.742e+05
3345.0	5.723e+05
3350.0	5.682e+05
3355.0	5.651e+05
3360.0	5.628e+05
3365.0	5.581e+05
3370.0	5.534e+05
3375.0	5.520e+05
3380.0	5.491e+05
3385.0	5.464e+05
3390.0	5.443e+05
3395.0	5.373e+05
3400.0	5.302e+05
3405.0	5.325e+05
3410.0	5.302e+05
3415.0	5.255e+05
3420.0	5.248e+05
3425.0	5.218e+05
3430.0	5.187e+05
3435.0	5.174e+05
3440.0	5.147e+05
3445.0	5.116e+05
3450.0	5.089e+05
3455.0	5.060e+05
3460.0	5.036e+05
3465.0	5.006e+05
3470.0	4.969e+05
3475.0	4.942e+05
3480.0	4.921e+05
3485.0	4.894e+05
3490.0	4.867e+05
3495.0	4.838e+05
3500.0	4.817e+05
3505.0	4.793e+05
3510.0	4.766e+05
3515.0	4.736e+05
3520.0	4.709e+05
3525.0	4.685e+05
3530.0	4.662e+05
3535.0	4.625e+05
3540.0	4.602e+05
3545.0	4.591e+05
3550.0	4.565e+05
3555.0	4.524e+05
3560.0	4.498e+05
3565.0	4.487e+05
3570.0	4.457e+05
3575.0	4.436e+05
3580.0	4.407e+05
3585.0	4.386e+05
3590.0	4.369e+05
3595.0	4.343e+05
3600.0	4.318e+05
3605.0	4.305e+05
3610.0	4.282e+05
3615.0	4.262e+05
3620.0	4.241e+05
3625.0	4.214e+05
3630.0	4.191e+05
3635.0	4.171e+05
3640.0	4.144e+05
3645.0	4.113e+05
3650.0	4.086e+05
3655.0	4.053e+05
3660.0	4.043e+05
3665.0	4.032e+05
3670.0	4.005e+05
3675.0	3.979e+05
3680.0	3.928e+05
3685.0	3.925e+05
3690.0	3.925e+05
3695.0	3.868e+05
3700.0	3.814e+05
3705.0	3.824e+05
3710.0	3.810e+05
3715.0	3.804e+05
3720.0	3.800e+05
3725.0	3.787e+05
3730.0	3.767e+05
3735.0	3.706e+05
3740.0	3.619e+05
3745.0	3.612e+05
3750.0	3.646e+05
3755.0	3.639e+05
3760.0	3.636e+05
3765.0	3.629e+05
3770.0	3.612e+05
3775.0	3.578e+05
3780.0	3.565e+05
3785.0	3.555e+05
3790.0	3.528e+05
3795.0	3.511e+05
3800.0	3.497e+05
3805.0	3.484e+05
3810.0	3.464e+05
3815.0	3.447e+05
3820.0	3.437e+05
3825.0	3.430e+05
3830.0	3.410e+05
3835.0	3.383e+05
3840.0	3.373e+05
3845.0	3.363e+05
3850.0	3.347e+05
3855.0	3.327e+05
3860.0	3.301e+05
3865.0	3.278e+05
3870.0	3.266e+05
3875.0	3.259e+05
3880.0	3.242e+05
3885.0	3.213e+05
3890.0	3.207e+05
3895.0	3.189e+05
3900.0	3.173e+05
3905.0	3.164e+05
3910.0	3.150e+05
3915.0	3.135e+05
3920.0	3.118e+05
3925.0	3.106e+05
3930.0	3.088e+05
3935.0	3.070e+05
3940.0	3.061e+05
3945.0	3.039e+05
3950.0	3.013e+05
3955.0	2.994e+05
3960.0	2.986e+05
3965.0	2.980e+05
3970.0	2.967e+05
3975.0	2.950e+05
3980.0	2.934e+05
3985.0	2.909e+05
3990.0	2.891e+05
3995.0	2.873e+05
4000.0	2.794e+05
4020.0	2.685e+05
4040.0	2.631e+05
4060.0	2.578e+05
4080.0	2.527e+05
4100.0	2.477e+05
4120.0	2.428e+05
4140.0	2.381e+05
4160.0	2.334e+05
4180.0	2.288e+05
4200.0	2.244e+05
4220.0	2.201e+05
4240.0	2.159e+05
4260.0	2.117e+05
4280.0	2.077e+05
4300.0	2.038e+05
4320.0	2.000e+05
4340.0	1.962e+05
4360.0	1.926e+05
4380.0	1.890e+05
4400.0	1.855e+05
4420.0	1.821e+05
4440.0	1.788e+05
4460.0	1.755e+05
4480.0	1.723e+05
4500.0	1.692e+05
4520.0	1.661e+05
4540.0	1.631e+05
4560.0	1.602e+05
4580.0	1.575e+05
4600.0	1.546e+05
4620.0	1.519e+05
4640.0	1.492e+05
4660.0	1.466e+05
4680.0	1.441e+05
4700.0	1.416e+05
4720.0	1.392e+05
4740.0	1.368e+05
4760.0	1.345e+05
4780.0	1.321e+05
4800.0	1.299e+05
4820.0	1.277e+05
4840.0	1.256e+05
4860.0	1.235e+05
4880.0	1.214e+05
4900.0	1.194e+05
4920.0	1.174e+05
4940.0	1.155e+05
4960.0	1.136e+05
4980.0	1.117e+05
5000.0	1.099e+05
5050.0	1.076e+05
5100.0	1.036e+05
5150.0	9.981e+04
5200.0	9.610e+04
5250.0	9.260e+04
5300.0	8.925e+04
5350.0	8.612e+04
5400.0	8.306e+04
5450.0	8.008e+04
5500.0	7.739e+04
5550.0	7.469e+04
5600.0	7.214e+04
5650.0	6.971e+04
5700.0	6.735e+04
5750.0	6.513e+04
5800.0	6.298e+04
5850.0	6.093e+04
5900.0	5.894e+04
5950.0	5.705e+04
6000.0	5.524e+04
6050.0	5.349e+04
6100.0	5.180e+04
6150.0	5.019e+04
6200.0	4.864e+04
6250.0	4.716e+04
6300.0	4.571e+04
6350.0	4.436e+04
6400.0	4.302e+04
6450.0	4.177e+04
6500.0	4.053e+04
6550.0	3.932e+04
6600.0	3.817e+04
6650.0	3.710e+04
6700.0	3.602e+04
6750.0	3.501e+04
6800.0	3.403e+04
6850.0	3.307e+04
6900.0	3.216e+04
6950.0	3.127e+04
7000.0	3.042e+04
7050.0	2.959e+04
7100.0	2.879e+04
7150.0	2.802e+04
7200.0	2.727e+04
7250.0	2.655e+04
7300.0	2.586e+04
7350.0	2.518e+04
7400.0	2.453e+04
7450.0	2.390e+04
7500.0	2.329e+04
7550.0	2.270e+04
7600.0	2.212e+04
7650.0	2.157e+04
7700.0	2.103e+04
7750.0	2.052e+04
7800.0	2.001e+04
7850.0	1.952e+04
7900.0	1.904e+04
7950.0	1.859e+04
8000.0	1.814e+04
8050.0	1.771e+04
8100.0	1.729e+04
8150.0	1.688e+04
8200.0	1.649e+04
8250.0	1.610e+04
8300.0	1.573e+04
8350.0	1.537e+04
8400.0	1.502e+04
8450.0	1.468e+04
8500.0	1.435e+04
8550.0	1.402e+04
8600.0	1.371e+04
8650.0	1.341e+04
8700.0	1.311e+04
8750.0	1.282e+04
8800.0	1.254e+04
8850.0	1.227e+04
8900.0	1.200e+04
8950.0	1.175e+04
9000.0	1.150e+04
9050.0	1.125e+04
9100.0	1.101e+04
9150.0	1.079e+04
9200.0	1.056e+04
9250.0	1.034e+04
9300.0	1.013e+04
9350.0	9.923e+03
9400.0	9.719e+03
9450.0	9.522e+03
9500.0	9.326e+03
9550.0	9.144e+03
9600.0	8.954e+03
9650.0	8.780e+03
9700.0	8.605e+03
9750.0	8.438e+03
9800.0	8.270e+03
9850.0	8.110e+03
9900.0	7.957e+03
9950.0	7.797e+03
10000.0	7.651e+03
11000.0	5.184e+03
12000.0	3.652e+03
13000.0	2.645e+03
14000.0	1.963e+03
15000.0	1.487e+03
16000.0	1.145e+03
17000.0	8.976e+02
18000.0	7.137e+02
19000.0	5.740e+02
20000.0	4.662e+02
25000.0	1.918e+02
30000.0	9.289e+01
35000.0	5.009e+01
40000.0	2.952e+01
50000.0	1.214e+01
60000.0	5.867e+00
80000.0	1.864e+00
100000.0	7.673e-01
120000.0	3.710e-01
150000.0	1.525e-01
200000.0	4.851e-02
250000.0	1.991e-02
300000.0	9.355e-03
400000.0	3.202e-03
1000000.0	1.072e-04
